7.21679012345679 12.251851851851852 12.029135802469137 61.0720987654321
112.4711630580571 111.74343744012263 112.19720252922016 111.27825253880053
36.5301337241253 48.02179886426085 7.579959699578677 9.08408133357758
138.9787234042553 113.75224586288417 69.68605200945626 127.65768321513002
121.04640593600247 121.72796413665172 120.78723141134643 121.67645694852372
45.237597911227155 170.52088772845954 48.78590078328982 181.71018276762402
97.69203609258533 101.62887406826206 34.936445664966655 97.37779521380934
44.86743674367437 22.825632563256324 101.24092409240924 80.7494499449945
4.44404181184669 5.790940766550523 4.909825783972125 27.224808362369338
170.2095634095634 220.1995841995842 174.52058212058213 220.72182952182953
105.16757539614926 105.77159652410973 105.17047197137502 105.66002158232521
119.57993866361018 118.70756791920944 120.222050122363 119.37659923794182
235.72123532957488 235.67453816969825 236.0659858880261 236.06059639045492
125.8042686100989 119.3748047891723 59.91098386257158 25.8396668401874
109.04533020711216 129.27667057444313 173.9851504493943 144.02852676826885
147.05447070914695 149.71839671120247 85.97070914696813 86.78802672147997
100.83628318584071 61.653318584070796 75.99867256637168 52.8396017699115
64.16828184938421 84.70785382596407 60.61790833838078 79.25641025641026
144.36810477657934 142.61078582434516 120.98012326656395 120.32080123266564
145.86161682210826 145.89682348487455 144.22294111573802 144.2386688233472
89.70127905377527 84.45399532388943 112.80319075780498 109.68958877733462
12.43745463343818 6.598354706024679 65.08613597870796 11.542947011855794
221.7910262766485 225.07362419434804 182.0932077342588 190.74615765989094
108.910791650256 131.4633714060654 86.51516345017724 97.85210712879086
61.49008872192471 62.896211334026056 59.928662776756454 61.51706498281512
36.53104304635762 123.04801324503312 35.92632450331126 118.24668874172185
225.46479985421854 225.0580088683715 225.45872562716394 225.17882524448763
150.87491814014408 59.459070072036674 164.30451866404715 65.00261951538965
53.30781965137793 40.75693835816535 53.432856169052485 43.18141980718668
17.020842029106493 16.7819517488939 17.09235606756268 16.8822105351031
61.57271957074273 21.89550974301045 59.24371646427563 77.78819542502119
6.811051693404635 39.03095122346459 6.358126721763085 38.983146977799386
10.37111038322961 67.77104487389452 7.000655093350803 13.117261709793645
115.4927536231884 78.39855072463769 108.88749046529367 42.052250190694124
252.36255554914297 252.40214693830438 252.40064639002713 252.42869510013273
42.81979628520072 42.97749550629119 42.733732774116234 42.97763930497304
141.47828883885495 141.53915156713484 143.3264357957185 143.47296379686216
85.82277554009521 133.44891980959355 132.54961552544856 153.85389967045037
14.893373696602758 86.34275142953246 17.11537167843929 89.08947191389169
45.16851583855925 7.34426756713298 37.252452162727124 6.050329634989549
62.128873585833745 48.68617806197737 37.50221347761928 111.71913428430891
86.95375281995 86.27309310407902 86.6407536125846 86.02594354002805
17.448994787788532 23.133200959708777 30.904525523289486 35.308513278729215
73.45987525987526 33.3972972972973 43.17983367983368 13.774012474012475
48.73060306030603 33.817731773177314 43.154815481548155 30.61890189018902
28.117625368731563 33.92496312684366 70.2433628318584 75.32300884955752
137.41434960139995 129.78397822282713 171.86486486486487 168.83531013027417
50.17806841046278 40.76232394366197 72.91737927565393 54.57205734406438
116.3633132859486 114.4276927282668 115.85178603973027 113.84463276836158
103.24014706291953 102.38448040553715 103.61315210428099 102.76837590173523
204.5979381443299 206.01489117983962 238.4688812523864 238.49484536082474
205.89200680272108 99.74829931972789 200.67602040816325 91.09353741496598
45.06123230003827 48.67546880979717 38.83658629927287 10.101224646000766
92.00272417707151 41.29103291713962 100.98161180476731 47.93916004540295
176.12988235294117 117.74117647058823 206.65364705882354 164.6305882352941
216.5028775723753 216.49581444018136 216.22658702476457 216.15987966515522
233.13081814781168 232.88393095708867 232.95259979693262 232.7115374338695
206.0103842159917 209.5604880581516 153.1967808930426 157.36059190031153
76.88183217859893 29.709006928406467 127.91377983063896 87.19745958429561
94.92766508416055 97.93642641346568 94.97816141562365 97.98062149331031
125.88848039215686 25.839460784313726 125.97426470588235 31.172794117647058
101.53423499577346 203.19949281487743 114.81403212172442 207.09721048182587
26.695687084193622 26.96851342050929 26.208706125258086 26.53854094975912
22.265206560099646 28.3674486194727 43.64407307452772 53.68029894124974
149.275181040158 98.47761685319288 147.99539170506912 98.04410796576695
45.460182250396194 13.326664025356576 78.24088748019017 42.76664025356577
129.93629003871877 148.18760999648012 201.65540302710312 207.99718409010913
51.708063068837326 51.68106652993206 52.112985514677604 51.65235226253044
11.485521618405395 59.206267354224515 9.815152717175724 60.69297897659659
65.84579439252336 67.40981957424714 65.16682892004154 66.47176791277259
73.24279277629218 73.22942232316203 75.12751382834536 75.33752152093483
4.882308368441791 4.856636256175553 5.807171218137181 5.624981056587761
68.9733097191151 67.8344208302262 69.81462838677604 68.94699229430773
54.185109489051094 55.97158150851582 37.01965936739659 33.96087591240876
176.5902801214985 172.7799527505906 223.13094836314545 222.40026999662504
23.18296402877698 23.40282014388489 22.835021582733813 23.37735251798561
157.47958875113395 191.09132143937103 147.3719383126701 187.9228908376172
246.13990411066573 245.7158688988446 246.9493830071524 246.68317220781262
47.47339991846718 68.43946188340807 49.83876885446392 71.42774154097025
187.41734753680146 187.58113558796154 186.98820974247596 187.21953321612025
87.1436125800167 17.76621207904258 85.9571388811578 16.604230448093514
57.04854608942863 57.51929792033621 56.81177961126047 57.164982540712586
110.02953561296103 110.73364192922205 109.93295505450202 110.61660444975362
13.287479301999745 36.86689593682333 27.19921029168259 47.69443383008534
23.595769511305615 50.97957695113056 36.17476294675419 70.60277169948942
100.9196934355215 54.457514161946015 74.35454848383873 101.32222592469176
202.640802092415 202.4285091543156 113.28334786399303 115.54838709677419
182.62974111980733 180.47621914509332 66.71583383503913 69.17940999397953
58.629287911048024 44.89283179559972 19.343269458244617 60.90962857818784
90.10082037996546 94.6545768566494 133.13860103626942 135.50971502590673
22.60116817280141 5.720740577474102 24.148115494820367 4.916354419219749
113.11996251171509 57.03936269915651 119.78303655107779 138.23617619493908
75.23844801607233 100.11790557508789 70.31943746860874 95.06466599698643
33.50653426924613 32.63299663299663 35.25680534155111 34.43802431090567
128.15852467024914 164.07132388861748 140.61553492916462 172.48680996580362
36.546432062561095 68.45004887585533 12.259433040078202 35.35913978494624
18.473471223021583 6.969087230215828 4.833520683453237 2.6536645683453237
169.27149613069648 179.87403267411867 136.75945829750646 147.1504729148753
50.39334614460726 59.61578188806149 73.29822243574345 82.84482344463127
31.31103421760861 34.022837370242215 29.708189158016147 31.64867358708189
20.236021958232886 20.101280896918297 20.2097940689535 20.148334253100582
40.85553387726144 30.519953884356156 26.099592053919828 18.627084072366088
79.80745341614907 67.88654244306419 157.33374741200828 95.28902691511387
42.2313383538116 23.017571673933148 47.6156691769058 20.93367683974105
118.17628158317511 94.03052431721922 125.57689499050679 100.96392580692275
39.44379505162673 58.56175725696474 37.462205338008964 53.155756867329046
83.81364889705883 66.05790441176471 53.599264705882355 18.261029411764707
75.99789631855748 38.07347858752817 74.24718256949662 42.913749060856496
95.10723896663079 114.04790096878364 98.18447255113024 123.06027987082885
173.1687096498962 173.01842950996843 172.87315491595803 172.62395836295897
30.901199314677328 18.037692747001714 127.93660765276985 33.145059965733864
29.928729303191282 27.911202450657257 31.48121292023731 29.452169529644422
152.00535868625755 151.92010947853643 151.46113511956207 151.39806972054163
48.48005502063274 116.6249426868409 91.8794131132508 68.89546079779917
36.912667946257194 30.498848368522072 53.952015355086374 46.82476007677543
116.33128677411102 89.43745203376822 71.45254540803275 62.74852903555897
59.56012614836144 37.42835595776772 63.77526395173454 28.76511723570547
83.21683770988327 83.75472696797718 83.80030581939013 84.35286852706795
121.74973759184286 108.096416254311 99.76443244864298 94.95831458989353
45.645714973519496 45.908088589311504 45.792128069330765 46.03661531054406
44.98258426966292 88.51348314606741 90.74044943820225 163.8314606741573
9.07226146055437 8.989505597014926 9.866071428571429 9.657482675906184
36.976713188019446 37.34276828184622 36.54053630233652 36.62498039830641
238.92722769919513 238.8574082011716 238.05310282421297 237.8291184454922
40.070804940374785 46.9192930153322 54.34028960817717 64.18579642248723
131.40740740740742 56.2061191626409 56.908212560386474 17.67149758454106
211.67513703334154 211.72338054450506 211.7234712521543 211.72414508040586
85.18967427431863 70.06780412142699 85.18491025925105 65.69798360292488
11.704324633263479 37.01390741093542 4.611354543722614 6.584301771766051
70.7560553633218 76.11202422145328 20.354887543252595 37.112240484429066
146.30047789725208 150.80286738351253 24.035244922341697 35.23178016726404
129.94913052698547 129.92450429434842 129.26540133601952 129.33928003393066
136.52418970448045 136.52082936129648 137.25011916110583 137.16017635843662
66.11651651651651 62.04039039039039 96.38483483483483 90.45135135135135
169.39340831807482 160.60031388961548 195.87261313104892 189.51922573894848
6.14263099572582 6.870508152604084 42.67247110970397 42.94079468101947
69.63485851896448 117.42865743527994 28.50812763395545 62.373570138470804
240.76889795413808 240.56851474133134 241.95469435688238 241.86878051795537
63.565661252900235 64.52668213457076 116.67679814385151 124.76380510440835
73.29884275017018 52.258815520762425 47.20435670524166 41.915861130020424
123.2750873218163 123.05044211586268 123.91245791245791 123.3264105226722
67.854478976234 82.06215722120658 153.30274223034735 158.36672760511883
131.20064441366836 131.5300585059778 131.96054379469206 132.17156100732032
81.89520785219399 99.45900692840647 66.28348729792148 39.08689376443418
244.854554092575 244.9278539432605 243.38278810913533 243.5569431247455
127.11128335072291 127.28794157102399 127.96538977492919 127.86161872112088
113.41797439346385 113.76490808548797 113.32145170129029 113.69810192796294
25.436267010226267 39.14171833480957 14.869232627425719 28.871406715516546
179.81021211296192 179.7883077989258 179.50592777764027 179.44244239289162
226.50432775533756 179.7801500288517 230.5199076745528 197.6993652625505
134.38951606926707 134.2062943109113 133.96699686272572 133.7949902423359
253.9697144838747 253.96069818518092 253.95815512657495 253.96237429198936
128.1774332472007 116.30002871088142 111.06919322423198 67.97760551248923
120.27203647416414 68.1838905775076 119.12360688956434 81.15628166160081
56.38547613610413 9.1801781228591 65.8296414706554 10.19296643069194
120.23504601226993 139.33454754601226 100.47450153374233 117.95973926380368
89.48689502149495 97.59076411038691 69.53321314658162 72.73068922479546
16.967651195499297 64.09845288326301 40.40590717299578 32.316174402250354
83.66103229701177 78.02052520374284 54.97404165408995 62.239360096589195
38.673446327683614 15.551600753295668 14.437664783427495 44.672881355932205
95.02216312056737 19.597074468085108 16.20212765957447 11.7052304964539
125.76626384393836 125.89278185219275 125.0366994269426 125.34799132990885
147.70373561237852 147.62974705355296 148.63143566062445 148.48221793369632
40.02077722200846 78.16006156213929 23.726048480184687 65.31800692574068
77.4088174199556 77.00390373182437 76.05579829525105 75.73254064895065
237.68630090878492 240.8670481319421 209.30966004712218 216.92696061932008
77.50855745721272 113.68384427308632 77.23998495392138 115.48974985894301
254.99192254104867 254.99015890372303 254.99269854147192 254.992839632458
135.11762261014132 114.8686616791355 137.6838459407038 117.15336658354114
94.70040892708622 93.67739811477682 95.20193373995009 94.24584141946215
15.458552247518973 67.34354932866316 67.42527729130181 70.6278458844133
157.9296072999837 128.75020368258106 157.67361903210036 127.63842268209223
91.02584209588309 64.79593655319907 105.14311174478702 76.87560149705935
103.51820940819424 86.03995953464846 99.84016186140617 78.76011633788569
139.3172972972973 189.2172972972973 75.56270270270271 139.5389189189189
75.51754139769857 84.71133875947235 95.4767050238563 102.10468706146506
68.46583415181703 47.83457275150835 84.61203872597166 67.59099200224499
9.496723737053477 9.591841048404143 70.66180511519764 61.134432466708944
220.8309864573715 220.80763311788243 220.85745614035088 220.84987688519544
203.53811261915732 203.5871930259754 203.66157553421453 203.6948509869237
30.488572276639953 54.64113980409617 105.6595428910656 106.19115464529534
218.26639511201628 179.54052953156824 207.43299389002036 151.82403258655805
30.796296296296298 47.59069113756614 26.56547619047619 45.01843584656085
1.361213446926088 1.3115645866912273 1.2528206309002994 1.1711950264793922
28.811809392265193 24.616022099447513 11.10738950276243 8.590555939226519
21.38344396720031 58.15696993361968 56.06403748535728 116.45490042951972
65.59246088193457 66.16405879563774 10.736130867709814 8.112138454243718
166.88020919532622 166.84935950481614 167.24510939723942 167.18294660885107
81.71519402985075 80.7494328358209 81.17408955223881 80.29420895522388
73.81624377244815 61.12872204843008 69.48754489630402 48.52925501100684
99.01254612546126 97.22848037571285 99.16672257631667 97.5260986246226
188.71078302135513 159.12944898497233 169.61244397574478 133.69575533878196
161.50522941083725 161.393440899774 161.69648394386923 161.5634887265465
12.289819944598339 20.106648199445985 31.457063711911356 95.45325484764543
103.74113952445043 115.92283535217587 144.96680125616868 187.0
5.519354838709678 12.671082949308756 21.74815668202765 30.439400921658986
11.64018779342723 34.669483568075115 35.433990610328635 12.107793427230048
77.23585263957463 123.00987466767945 127.5681731864793 103.44473984048614
108.11285704143692 107.78304186288662 108.17530823295549 107.85500627115034
100.1777528013351 101.29569837539593 99.90453322434522 100.98719389666564
54.83701429749012 53.870896222392766 55.149768340865805 54.18325232369745
136.46437755256392 125.54137044320072 112.88625018907881 103.45288156103464
90.35925449871465 92.16002570694087 199.99807197943446 200.1741645244216
121.23585134806898 126.87005100801555 62.675734758319166 67.96478017974253
195.5194507133841 195.30577974983743 195.36648433615116 195.1577477718701
57.45118145341061 30.239857333927777 10.65938475256353 7.639099420419082
179.75115014638226 142.956921790046 127.89125888749477 84.63529903805939
19.509756097560974 7.513747228381375 31.086252771618625 22.73658536585366
61.51250625312656 14.245622811405703 40.38544272136068 41.57003501750876
42.913537867410426 6.080669384252307 7.326968461703497 6.914181506114567
119.78356024939559 113.23158162616109 141.7345718284769 141.98523985239854
129.36574450772986 155.92209113100083 119.42087062652563 148.27969894222946
11.230125146304132 26.09876654362114 8.294949131178535 24.166201494552986
31.104153527344806 18.12550680241463 31.782953419226956 16.17127669159384
48.12681608289222 45.0884108570785 21.038292600518076 29.280099110260164
117.81186440677966 117.9099845916795 117.24083204930662 117.3191063174114
59.50433765841883 57.793338865419436 61.14012522631261 59.75467712733856
13.466045385438369 13.44549242637536 13.300354749704375 13.394673123486683
162.36670520231215 163.7507514450867 116.99121387283238 121.5757225433526
89.03039758691526 89.0996697610318 89.19866344228619 89.35514990768911
39.47422680412371 39.92800852498017 39.891653449643144 40.15555610626487
76.8520531154239 78.93303370786516 78.51607763023493 80.63620020429009
177.9404289118348 111.98729150119142 121.96505162827641 160.99682287529785
21.46558391337974 43.1343129672596 69.98762567672081 27.65661252900232
229.35551391862955 229.27751605995718 229.54373661670235 229.44935760171307
91.83900705120796 92.26196393480522 91.63761414865334 92.02826262859784
91.28748590755355 165.64543404735062 45.39064261555806 86.12795941375423
63.764442032917344 62.41786941580756 64.80708988967264 63.82998733948273
105.8259698275862 36.00431034482759 38.11099137931034 63.877155172413794
104.52186350633428 106.94305952867457 82.52676747037188 86.29532761204196
105.5276717557252 89.3718193384224 32.964058524173026 47.93256997455471
53.73279908414425 60.9661133371494 46.14184315970235 53.09158557527189
174.0604501607717 94.35819935691319 88.16913183279743 56.967845659163984
28.58580508474576 117.38135593220339 13.674258474576272 27.6573093220339
35.54146806482364 32.00667302192564 152.4265967588179 150.33269780743566
98.36105032822758 100.36797957695113 13.578409919766594 12.400072939460248
83.88445667125173 144.04160935350757 81.87448418156809 143.60522696011003
128.08 165.62181818181818 146.58242424242425 93.44787878787879
3.7918182958965994 3.714267787677249 27.950558413853685 9.619776634458526
156.27774015956663 156.13068566549887 156.46392086436836 156.23340300880267
139.97898049087476 140.16020138451856 139.41945877910635 139.56173694147262
118.26870229007633 77.6412213740458 175.1351145038168 144.25763358778627
12.31245311327832 13.140285071267817 93.1661665416354 107.36384096024005
44.967846607669614 85.7165191740413 53.726253687315634 31.423008849557522
4.772710600317887 19.30199290866854 2.975302604230346 7.095366181684803
53.3355106888361 84.59897070467142 76.66923990498812 107.75870942201108
114.81541538060253 116.53771247228623 115.55784028170238 117.15380602530105
46.10415570752236 90.19358232509205 44.86796422935297 87.40031562335612
105.43927444794953 103.45465299684543 122.2998159831756 122.20412723449002
111.6670275286112 133.85446953294155 113.94262295081967 138.46164553046705
72.10878104409528 72.42330841358337 71.23343258996452 71.30055752660923
65.57097032878909 77.50414327719861 43.328655439722 54.03595295375568
249.41712801920534 249.37558179413062 249.20875998236247 249.2145901719661
48.72966537801787 48.992805755395686 48.72167746230062 48.9242940167439
48.21781853914183 70.71372420569931 99.96888306583688 46.61447756305274
29.804963735267453 12.89777878513146 48.007479601087944 33.61355394378966
