58.853963304410705 57.40970715835141 59.419084417932034 58.45419830079537
253.98377043396448 253.97483241208985 253.97594966482418 253.9751852287428
54.86555374784844 55.75053641743887 54.77965622126335 55.270118601306265
215.6859849540262 184.15547506269155 208.35720256338814 158.4837001950404
56.18929254302103 107.20688336520077 52.34416826003824 108.3284894837476
38.6394923114474 97.80375884793752 71.39907249206736 56.61508420795704
13.594858040036636 30.551877534999345 27.17780976056522 38.14392254350386
125.71847826086956 21.978804347826088 31.97554347826087 18.120108695652174
132.14818820984317 22.0151433207139 127.14277988101676 22.146024878312602
14.039754535752401 16.043223052294557 75.37299893276415 98.14327641408751
30.154872316097066 11.656079278363613 10.989963155888706 34.93571337822386
85.84187234042554 114.20289361702127 106.88817021276596 133.1336170212766
114.64687848383501 165.77257525083613 124.10172798216277 175.15969899665552
221.62186415666255 221.54106010449487 221.57276751884498 221.50049854425077
9.689206762028608 8.055798557749142 48.01796902707176 38.18370965835205
83.28774094063223 91.08434849653045 40.16869699306091 40.516114109483425
80.70576840292725 119.26452862677571 56.22535514421007 70.44877313818338
147.38312604180024 156.4187716373894 120.5784074881395 121.29042184895499
49.544418884872385 79.51319969328513 51.433344287435645 84.16003943476832
3.3098614912498965 5.840175831467198 6.3738906859086 23.22343866633491
77.46780781949037 15.334370744991247 89.81112624003113 19.644232639564287
13.186162624821684 40.613528292914886 42.092011412268185 63.63599619591061
205.1971267074894 207.20301460197834 154.1629769194536 151.0732454074423
5.153228591160221 25.480662983425415 4.874568370165746 7.172133977900552
122.7081388214581 121.55565929522234 123.69770853896017 122.51583215514712
250.9354800238521 251.20739415623137 251.08372093023254 251.15074537865235
169.92709001496686 186.80222364763736 134.56852683344025 158.17468462689757
43.851807864872 16.87503299023489 74.81538664555292 46.156241752441275
215.55074424898513 201.0060893098782 162.38362652232746 84.15426251691476
88.28173528771045 90.38418448324153 88.89960476768431 90.42576167802571
79.67181719260066 80.17614254624591 81.13715995647443 82.10307399347117
11.609217313298945 52.92296479031173 9.493047768557973 50.22090154743216
113.15356671070013 74.70244385733157 101.75396301188904 61.25247688243065
152.33483374862686 151.84591270798168 151.53197760094312 151.07368110816387
135.27019041365725 109.52068286277084 186.10505581089953 154.25147734734077
163.76964996856006 138.54579752672396 187.12450220079648 172.9891008174387
39.85759036144578 45.65855421686747 67.74313253012048 66.17317269076305
117.94690991083324 117.06789996925285 118.47939940555499 117.4425284411192
165.20693126258269 165.265142364107 165.26284153005466 165.20839804429104
70.04028239202658 19.450581395348838 74.41445182724253 76.91507475083057
22.746913580246915 27.840663580246915 120.8190586419753 131.32947530864197
122.74544128373451 109.24981765134937 61.79029905178702 127.87636761487965
231.82942603071947 248.29668552950687 238.22554567502021 249.0735650767987
132.55061171637792 132.2389042686194 133.30079031969996 132.8996026076085
56.55656201048832 47.26152693591228 36.887080296942045 30.500851324661173
65.61749584152427 62.234764857099655 44.84916074398911 43.984727052774836
147.5897154675357 147.15993983454499 149.31123088493356 148.83642516921535
50.11434872685959 64.67840673661699 49.04912116554167 67.68228296464612
51.86094069529652 180.5439672801636 108.54907975460122 206.32106339468302
92.59359743897559 91.20976390556223 92.85770308123249 91.56630652260904
21.630497172279902 21.713724993669285 21.633599223432093 21.191504178272982
71.32902467685076 35.85605170387779 172.7391304347826 76.88954171562867
60.16010028653295 44.69436485195798 88.40269818529131 57.45260267430754
13.381320450885669 57.735587761674715 6.94621578099839 12.380998389694042
158.84860173577627 41.72227579556413 192.94310511089682 153.27290260366442
212.3674924924925 214.4436936936937 185.81212462462463 189.4025900900901
83.92355751561925 83.82298174690678 59.154477520519414 79.8382947445792
45.37486841257224 44.558489268910996 45.49571400949578 44.68567254602875
52.47618442510113 51.019082110256896 52.84308617658894 51.96717284029057
108.03632909889588 106.80612608334323 108.31514899679449 106.79659859907396
28.382745635056487 14.622389592605272 120.40054775761726 63.92844916124615
150.4187303016659 127.9765871229176 147.6579243583971 125.17458352093651
248.9182677874512 248.920181627139 248.91248874211948 248.89226208345843
40.5406104500776 49.26295174044786 20.540314832606608 27.21742664991501
6.97870425914817 5.580183963207358 34.65456908618276 6.7799440111977605
16.433235149729995 42.98429062346588 39.39138438880707 13.063328424153166
59.86054233536248 47.25456557830658 44.08439402324294 105.66491422246818
37.69117647058823 44.02376880984952 91.6593707250342 90.9298905608755
68.74719224840344 45.42237392644792 121.45298392424576 115.0464655362255
112.3235103750238 114.19874357509994 113.78496097468114 115.6294688749286
51.24093655589124 22.127832326283986 26.17654833836858 64.92069486404834
24.26615199645637 36.54723786622793 12.574701006138074 27.60336644940834
170.6507456176222 170.6503094244977 170.5996019737739 170.63392492025844
63.14351095129127 57.37773782281791 15.200719189277542 53.05099705786205
146.30379982038338 146.1009878913629 144.24266823573132 144.0732402217336
40.44123440577807 82.09520682862771 65.12344057780696 176.7918581746553
93.27085257002155 131.5986457371499 121.42136041859034 74.29732225300093
188.22080886156843 188.84531815830314 187.6416116368948 188.19789416025074
14.29155622870125 30.901552442256722 22.772056039379024 110.731919727376
221.75567620927936 224.70236920039486 145.09970384995063 190.66831194471865
76.5661223182837 82.2476251467606 98.73935318603907 105.55961148468353
241.6232492997199 241.4517912428129 241.46620227038184 241.36993218339967
7.821156289707751 12.450603557814485 15.322426937738246 62.0212833545108
117.36661753868829 75.33456153279293 117.25055268975682 151.81908621960207
6.2169803633993315 28.033895543062005 7.166707406502078 30.791004644341236
252.66189624329158 252.66442539016717 252.64493245327247 252.63524767133427
117.95766828591256 70.72079574369651 132.91371732593106 94.59865833911635
111.1864026691462 111.25657714817044 111.73530055242576 111.5235191161188
108.35903150643298 91.0216796677135 100.24394691520617 85.80934049235134
8.322325613936892 9.242566291191492 26.095361365703493 28.646540264465123
103.38633031010698 102.2236191820996 103.83731602672025 102.67218812795308
245.0537456445993 244.93002322880372 245.04846109175378 244.91280487804877
129.98060890508245 130.75966981617572 129.14463039585007 130.02350810020792
64.82453531598513 79.0443618339529 125.89169764560098 141.36629491945476
171.31698774080562 123.49781085814361 115.57092819614711 165.24912434325745
181.47082066869302 217.90668693009118 190.85866261398175 220.27355623100303
230.90492653414003 236.84759435321234 197.81763180639584 219.9449726303659
145.79625534424295 166.56656346749227 141.7468671679198 160.53840483561845
57.683949755757155 33.77906489881368 56.01870202372645 37.22142358688067
119.84415501636 120.60557514978966 119.54990863893256 120.537011855692
180.28342764753435 168.95763945028295 199.5403395311237 187.7556992724333
39.21776989438039 33.65838909941143 51.417479642022094 60.55720390228171
24.331746375243455 21.96104739233932 6.721488855226141 6.46382456899661
73.91310175114802 73.79109265484587 74.53386944389516 74.75053281480017
146.50893246187363 74.8479302832244 62.932461873638346 32.377342047930284
170.59093789607098 138.4160329531052 132.6524081115336 79.44581749049429
151.739336492891 152.3599638907696 86.85127510719927 92.61047167682239
213.68075993384505 213.58010686569696 213.7392604215258 213.681671684831
176.03942173875998 176.2074753614133 175.97057570507542 176.113550512653
17.35375777884155 9.790090952608903 79.69411201531834 14.139779798946865
129.75525084339972 130.55816737403418 104.98193492218958 106.67646098596147
17.040855600778624 17.74416032560609 17.28720580428243 17.599606264377986
58.45717411691153 70.86698968427633 78.08268208815255 107.81587996248828
178.9231085526316 169.94161184210526 132.38034539473685 122.10238486842105
57.825507421993336 19.94728870039382 22.778097546198122 33.480611935777034
92.93345137966652 76.00427917957798 113.61693964881216 90.2779991146525
70.35462359217546 14.186129223473621 52.70583876704209 12.657231772377001
145.77260273972604 74.99569471624267 132.67553816046967 54.240704500978474
59.88587798079901 76.92257664911737 15.781511303809229 15.259523072158563
74.72800883327199 42.556312108943686 14.057784320942215 10.186234817813766
91.69474497681607 74.5534088957582 92.1291430534089 74.54645371801477
86.8831748775569 89.88403918179199 121.67934312878133 112.77787381158167
124.55572848078535 114.5759607326709 148.05363342511671 143.42044774332575
26.349547511312217 56.11161387631976 97.72134238310709 31.80316742081448
62.38948795764189 62.321990486644715 62.44125180258712 62.200038742170854
19.517207147584383 99.99867637326274 16.232296492389146 24.67902051621443
110.20216216216217 95.3270870870871 117.60912912912913 116.24324324324324
57.65698198198198 60.21201201201201 73.39857357357357 77.61929429429429
40.398404993065185 7.085644937586685 47.19787332408691 8.16747572815534
95.67919603236753 78.17932654659357 164.35447663795352 141.8120595144871
95.0296500324044 44.78483473752431 89.48266364225535 36.77057679844459
40.939525813404494 41.63354203017551 41.220855999178895 41.920373601560094
115.78761446769325 115.88458586995446 115.2989461298409 115.45633601064102
66.52488535203669 66.33746965200972 66.34009981116806 66.3427299703264
101.13774476704928 96.11546252532072 24.696488858879135 83.04929101958136
152.98123953098826 94.52931323283082 168.07738693467337 95.99932998324958
33.512028333407585 33.61943689579899 33.96458324052212 33.62108522296966
130.06189555125727 149.43236621534493 129.62359767891684 148.6555770470664
217.8325337269857 217.7715586172961 217.767540082831 217.66273014310903
192.72787385554426 229.06612410986776 227.77212614445574 235.49084435401832
78.53684485688146 78.01131878185858 77.89601359299438 76.5302052019344
135.97858665663406 136.04511537496865 134.49084524705293 134.66064710308504
90.95704650337238 46.57046503372382 46.42190273340433 65.2555910543131
68.99940963144134 78.95471029771443 51.322762924854516 60.541789660116386
30.58201959948871 62.11674478057094 32.73487430762676 68.25820195994888
100.59402843601896 102.64635071090048 78.25355450236967 79.0
123.74588375322357 154.4651854790716 98.00773656020631 138.60940289625074
93.20540265035677 100.77777777777777 199.90163098878696 204.26809378185524
186.1932059447983 201.99872611464968 83.96178343949045 131.84543524416137
103.05408970976254 158.5844327176781 167.0 121.95646437994723
123.56810845706907 210.87023886378307 95.83537766300839 200.73273079406067
29.996456449014993 30.09210754553339 29.004980795440467 29.66737702886879
94.3434177803285 95.91574430870979 93.95053428438688 95.22879943155421
108.62455558189144 58.31855890021332 78.66082009954965 102.84877933159517
202.27133269415148 65.43336529242569 190.35186960690316 47.88302972195589
70.01650485436893 118.00699029126214 82.47145631067961 110.95203883495145
42.877044476327114 69.31535150645624 60.1558106169297 35.227690100430415
62.613604812586765 86.38870893105045 110.69389171679778 65.75312355391023
237.99153138369573 237.9681767567251 237.91543104963958 237.91408310379182
195.03775934970008 194.79540463469795 195.37864236782588 195.1588711527746
124.78354898336414 126.06702865064695 123.96749075785583 125.35663123844732
153.7922794117647 150.52389705882354 24.99448529411765 24.329044117647058
106.32903841565259 138.54187544738727 72.1894535910284 95.45812455261274
78.59746529873264 147.02263126131564 80.42697646348823 145.95202172601086
213.2082096933729 142.6478733926805 218.98367952522256 207.1745796241345
141.7222607756959 141.1813169866605 144.21185133780554 143.6585704371964
29.573934977578475 45.62791479820628 26.523150224215247 45.912331838565024
12.179258787975186 12.448226499125179 65.49832988706855 62.35994910132018
49.43447550345657 7.922753231139165 9.841448752629997 5.278479110309588
106.55620287868403 131.08955905871602 103.21784327164724 123.5060543751428
50.6724603442457 92.89740128248397 26.236584542693215 69.33277084036449
63.01893318769343 87.40360458765701 69.00045512470417 82.14554888039322
133.10492599955822 116.77821957146013 90.64789043516677 66.23282527059862
22.304769290422644 107.47731678945328 24.661884451337727 111.03024428072897
211.13977389516958 123.8108941418294 208.85508735868447 124.8021582733813
53.64858338699292 45.323889246619444 61.1547005795235 13.299742433998713
70.62150556290528 70.66477260404693 70.22655013121083 70.0355462057299
30.985369173188158 92.83089486219802 106.30418509697176 113.34501531133039
108.98178249401951 110.30914555603263 108.31405262835061 109.92341900263754
231.59496676163343 224.45251661918329 246.64814814814815 244.38366571699905
246.15784982935153 244.27773037542661 232.0136518771331 224.01066552901023
168.66189521900944 207.17234468937875 155.55682794159748 205.419696535929
97.59932175521529 96.93127633336759 98.39970198335217 97.87192991470558
248.31978319783198 244.09430894308943 253.11653116531164 251.8531165311653
251.8922030350602 252.8116169544741 242.48403976975405 247.09994767137624
145.80174656261613 175.7761055369751 161.8028613898179 188.7432181345225
112.6969445021825 115.15391810434421 91.47651215963417 96.74194554146747
127.22464312546957 126.21362384172302 53.579263711495116 55.64212371650388
136.9047213011211 136.83312805937155 138.22987525659246 138.01133743881257
131.64125722543352 104.3072013487476 136.41076589595374 110.82406069364161
14.22658738585687 76.61987683159907 14.137184115523466 76.05457634317264
92.00108599071972 107.09142067331425 90.82772238128148 112.02191726725245
10.296941914470112 5.937812895832077 8.234362748054767 5.662796308583148
114.81059506531204 112.71349782293179 113.40014513788098 111.23798984034833
108.1727105968675 129.99096938055595 125.37434739664174 147.77536334132918
87.48352212820028 86.2082240666144 87.51109789396848 86.58576874205845
254.99190561845307 254.99014213663457 254.99266391563503 254.99280499418052
38.200542005420054 168.90153568202348 29.69557362240289 156.0569105691057
167.81317550180134 91.77663407102419 91.7946474523932 96.84457025218734
27.344982896237173 15.80855188141391 37.5018244013683 25.142132269099204
225.9471817665973 225.86575562700963 225.7138263665595 225.37436164176282
124.60979278074866 134.18231951871658 164.37700534759358 173.89538770053477
40.67155262671676 54.529777668288475 41.38640142883538 54.21241608671553
189.31690753961345 165.52759881594986 174.10760926345117 146.52899181612398
230.183547008547 230.10548433048433 230.20078347578348 230.12371794871794
171.59298578199054 134.81876777251185 170.06824644549764 131.31962085308058
222.9965870307167 198.35153583617748 236.50921501706483 227.30068259385666
123.87969567284831 101.91203043271517 116.38064669519734 90.53958630527818
182.39858728557013 184.59889001009083 224.02320887991928 224.4268415741675
140.43260563193022 140.61017895604542 139.64676788895684 139.8334086739171
98.39102990033223 97.29069767441861 82.3953488372093 21.820265780730896
69.67740232312566 43.321466284507466 68.07949917031226 44.82244682455876
69.3460455292185 59.22072283501525 96.67824454353438 85.84287725885942
156.20665680060313 155.5022477871164 156.62616926814286 155.78019155055426
12.323178407774812 12.422201520721083 13.068533158769323 12.976131728687244
119.69716646989374 182.85891381345928 42.26328217237308 97.66174734356552
101.39117043121149 107.54530287474333 135.56955852156057 128.75731519507187
181.601799131633 181.8774926552791 180.9484699581416 181.1388607232925
27.241532872377828 9.562697761631314 24.2503808742529 8.10301183639986
76.78554825669531 67.96654876200101 70.58696311268318 45.9610914603335
98.34802916381864 85.54488493962178 67.6330599225336 58.58373205741627
207.31387401945932 206.72450594216073 207.61300205366462 207.1000908999091
250.01215103060122 249.969995154497 250.00175183570016 249.88829251928883
98.42824444953078 41.48157473105974 114.16388189517052 65.16868848706798
24.732775339389608 39.815147494130855 57.32132285393488 38.30978871082985
72.55682223013893 113.41325258282865 148.4153900961881 174.4862842892768
234.61176470588236 234.60046189376445 234.53419372367884 234.58095367477245
83.70417408186377 58.713800355929465 81.81580650380198 63.405921371946285
38.49116296622429 37.63056376711324 37.98272428035306 36.89582154013879
27.087856173677068 23.8157394843962 39.5865671641791 46.0921302578019
142.05241174885475 126.92239288601455 125.51010509296685 108.83117758016706
87.75171572365412 55.360835748055514 48.85587921305475 21.991459508921764
104.58892825777535 106.02958723236728 104.86517670573272 105.96014657339269
103.20634053019951 98.54878382071604 15.381798305547964 16.263733260453677
127.59588550129025 126.52900697696646 128.5017442416133 127.37625442033834
83.77388816088573 84.69376621292756 83.24582141042441 83.53370951782419
201.55815429850645 201.04069631461124 201.9508837582278 201.50349159677904
1.9788942795274511 2.557985911246334 2.4388893457226652 2.560781733958282
42.65947888589398 21.98306724721819 49.565692169465756 31.080102287649456
41.87113702623907 44.077551020408166 173.18950437317784 176.2460641399417
211.0573484700566 211.11564530975426 210.8078714680204 210.9383838665588
160.6314051437047 160.52601236951838 160.7195869364453 160.51932387428988
247.59085442309168 247.5628342588091 247.5910847258118 247.5325366565163
111.72958888245512 199.30052113491604 200.69947886508396 214.28604516502605
232.75733993632826 223.8783162362929 219.64945171559958 179.10045985143262
19.357641582622186 65.96411947245927 60.7544608223429 89.54441427463149
190.08367556468173 176.86396303901438 75.64579055441479 58.309548254620125
56.34222737819025 153.0 21.66705336426914 49.13457076566125
40.13440964792842 38.57284574985412 9.99533164753939 8.18391363547948
41.563718448594294 69.62271701210753 28.968807715986046 41.191873589164786
100.29947754695857 100.85990172907078 100.1819256126384 100.52338599328274
44.06804463142491 29.880312176086825 32.85330162794951 15.27059325650875
78.67784454351619 97.00901337468501 73.51511920914906 97.8488079085094
145.52060606060607 140.8421212121212 212.08212121212122 210.73818181818183
26.236396499238964 25.62809170471842 25.529228500761036 24.915786719939117
48.878977862331375 48.56600224835697 48.6371497751643 48.22068488412314
