198.15408320493066 116.50077041602465 101.44992295839754 100.78171545968156
161.8413597733711 163.10840415486308 166.42360717658167 196.84475920679887
158.79177911563212 156.77773164486888 158.24468894886166 156.60020067815375
179.53922225947034 153.69359704994972 153.08431109621188 141.60794502179016
212.17052922864062 173.2642684192321 165.64614320304392 207.81528882739536
216.54131016915943 217.78623212069755 216.07661158644112 217.3381229181634
98.97526720710486 99.50281406516238 102.11609955078225 102.42605979243042
235.28322956416952 235.61434022896165 235.49660574412533 235.65872665193814
166.67861442993424 167.40004167824395 166.86130406594424 167.33210614059462
158.7080304031725 136.36467283542632 112.8157633840053 126.17101784534039
252.57083110873822 252.60366613276383 252.47908880583734 252.59432283324435
215.04439252336448 148.46767912772586 158.74376947040497 120.77647975077882
109.03956756756757 63.265945945945944 107.49254054054055 114.42767567567567
119.9124203821656 58.39808917197452 152.8923566878981 108.11178343949045
92.69369032016476 102.45450290207826 112.22448979591837 128.3236285339824
58.20549864285089 88.617634182646 61.34550389633132 87.65931179406357
150.5796476999113 125.6620200228108 154.6786212140413 120.51286275503739
190.48979591836735 160.99863945578232 124.87619047619047 63.17551020408163
195.1293445437859 195.10527562318669 194.3808099946711 194.31784001421045
154.77853697749197 68.84284565916398 75.48512861736334 77.68770096463022
125.56552207428172 107.27557813594954 99.66941135248774 87.25359145059565
83.96916812100058 97.77894124490983 213.18324607329842 220.95811518324606
46.34869960093574 19.741296270813265 37.56075409384891 16.592404018164306
245.33492637561355 246.22918281236545 246.00490829243088 246.38409541031604
95.92341842397336 119.38864224935257 149.4433962264151 155.1006289308176
183.63744825906988 178.91855368882395 155.04516678841003 156.81105429754078
92.40190450065639 92.64280815878676 93.75952740168897 93.40190450065639
21.826326090726656 22.01833362237693 22.826920694695637 23.11347025741397
144.0960049338724 140.77852394983896 141.49585417666003 137.10450215856918
110.85130503559188 105.48114948589507 33.76245715792249 33.65779066701819
63.62740300594198 55.97399510660608 48.664592799720374 41.135826634044044
184.2685804168305 171.60715690129769 101.99095556429414 167.13802595359812
87.60504885993485 98.56172638436482 62.04682410423453 71.11148208469055
155.20864219851745 119.17374796600976 129.7788826613632 89.69137588139577
159.73637802396564 154.3325796970382 183.1238978069184 176.9787474564775
107.44229727289145 108.93733068448618 134.83366443922702 128.78878454036482
243.19868095630667 234.0612805715856 240.71723000824403 206.20445177246495
116.79250979764856 116.08335999360153 115.86695193153643 114.87696952731345
53.84120052679005 53.78595688639357 54.560800351193365 54.83186617684434
128.32992171015007 128.05754402571534 127.95156678301682 127.6601786665089
147.68387096774194 112.18606451612904 89.88877419354839 51.266064516129035
253.94634737799333 253.9563504092149 253.98249469536222 253.9629433161564
121.83993561656085 122.18452114817133 122.17712152374139 122.48439595815077
141.8504347826087 217.61913043478262 227.40405797101448 233.61739130434782
115.65319156050423 117.93292540207977 117.77172568295047 120.32056040391882
163.81418008430654 163.9491396586276 164.3051159790846 164.4869509133209
59.75310590021172 59.38900651140494 59.42459952862222 59.14273159429553
133.3232429800357 128.21343937672455 111.26724557701672 106.5051128063626
106.17556628950793 106.20225412999845 107.64220648889477 107.61141622003132
71.4949494949495 51.094922737306845 75.44103284500636 54.777108836711484
82.07177546064848 62.21332666761891 91.54606484787888 71.14533638051707
56.7334158853706 91.1222359808951 89.3445957898461 54.951176366531044
37.50715699710675 36.69592914065276 36.594766763108474 35.62628800568499
80.04463629684057 85.23640705363704 96.1699118295371 112.64226671565025
166.01015931655508 178.6245670745786 96.98891710921265 111.96859847610251
95.18141335914811 61.12274927395934 56.64743465634076 90.20464666021297
222.12427218215 215.7698792039628 222.9391674632832 216.2618406187538
98.56834907196352 98.30426571149462 96.0348203625312 96.1390209486595
133.78561985152038 135.13200447472795 152.68971829553544 146.9881012915692
149.79961931129952 157.93822460633328 168.4054334659976 136.48589721405088
47.4164944580124 47.22651029226269 50.40844314430638 50.06019698880868
154.32763015263822 153.02912137813846 153.70767292649342 152.7905838924208
143.13724808895066 208.03752605976374 108.10771369006254 155.2675469075747
153.0393374741201 76.79503105590062 211.05072463768116 146.3768115942029
138.29159585067103 140.31049639571 138.60651702514213 140.83686924925277
152.04679474985733 112.56933612326422 133.60757085790374 148.2157123834887
104.75590821149561 105.10986212132345 102.65246246908139 102.82092915044204
183.40155595451824 230.9868342309994 114.50987432675045 216.1178934769599
162.44198910700104 162.42011800748892 160.93691138091455 160.7084137070237
84.27394060727394 78.84084084084084 178.9662996329663 172.78578578578578
75.31363726593 95.90101237345331 73.18533712697678 98.9706213193939
107.06104500775996 158.06647697878944 61.51008794619762 84.11743404035178
132.22041192037742 132.73501323207915 132.39512138994363 132.59967782763778
47.92664524242001 68.82464719854687 51.31193237389968 70.60500209585021
187.75715633847122 187.5492458734127 187.86808165427723 187.6642439694707
202.8559314676005 202.96338957543483 201.62515555812809 201.86747894538826
75.23476702508961 156.97670250896059 160.11917562724014 169.8969534050179
222.75288683602773 222.1866050808314 111.98337182448037 120.1607390300231
142.5959274015051 130.39902611775122 136.1767153607791 124.96387782204515
59.539462015962165 53.74697014484185 64.77239136860774 97.23691989358558
169.10040404040404 184.5028282828283 166.4060606060606 179.28616161616162
182.6008676789588 181.21605206073752 224.45032537960955 226.06941431670282
130.28917416943725 130.2039944669595 130.56611740723665 130.4454582959206
133.6469674747649 112.41385557760331 137.44249849020792 118.95461996376498
47.915929203539825 83.57418011452368 67.3042686100989 137.7532535137949
203.0588586794144 241.4595159844637 233.45383925903795 241.87391694054378
116.75780034769878 128.081617714338 88.97886357397749 103.06112178607376
117.54571451916006 132.41759947708147 108.977285725958 126.04796143475774
184.8337032926378 164.10118386977433 210.32334443211246 194.37310395856457
192.51810805462102 227.2584603206016 193.22105679794183 228.08153572135365
29.489571596684943 29.38966924559954 30.03625528931621 30.024712686847444
120.66775682954983 113.50596383224317 111.0078876490958 154.53443632166218
140.34789557805007 97.46616941928609 104.60291244894334 121.7439175990055
120.88282914358756 172.31018321261183 122.43374520664678 179.4337452066468
234.67417311752288 182.0344827586207 234.87368050668545 181.16115411681915
102.97626492325185 79.43462194428653 94.05109437180217 80.1544911881751
167.13343180699164 155.43426883308715 135.79960610536682 113.8721483669785
99.19708472517462 41.90160947464318 39.969936228363196 32.59550561797753
233.64912944738833 237.4765329295988 157.7653292959879 176.30355791067373
218.96350364963504 137.6542451018056 221.72147522089895 136.7641183250096
109.09858545034642 90.98801963048498 112.03716801385681 90.01768187066975
172.88373817912108 138.41702206564065 184.84053402558874 142.93955127016503
27.611141304347825 33.11277173913044 101.27717391304348 113.9328804347826
109.43988639949511 112.74439886399495 180.76711896497318 110.02177343010413
73.86599729677543 74.29077217434043 74.07616422966876 74.49472520142534
154.97808851479772 156.24577789845236 154.91952212869944 156.09864241107792
130.71798603026775 80.92127473806752 129.1564318975553 79.93800931315484
177.44100830940462 176.6470917083831 178.3580413183239 177.44690366681067
160.37571337983513 214.68928344958783 167.3027901077996 224.05389980976537
183.40469135032285 182.07757571976668 184.83018809070776 183.32936148975327
137.86283484655212 137.0179085065406 137.62122007953778 137.22298091593507
173.53565666343982 110.38302678283317 169.57954178767343 168.02775088738304
172.1310924369748 79.53025210084034 152.67226890756302 62.937394957983194
128.0425008029119 103.63333690183065 132.63644149448666 99.27930628412375
57.90340575455079 120.47709923664122 35.21843805049912 44.07369348209043
182.17061611374407 117.66016169500976 175.23055478115415 112.91971006412044
143.19892473118279 145.84982078853048 227.2 228.80035842293907
158.28398341324348 159.39681871193469 159.88671115718543 160.9408448879098
59.35086145010768 106.48671931083992 97.90613783201722 105.50035893754487
68.4465354374206 68.63503784042572 69.78709926897085 69.80096488482148
238.28942295734362 238.22351075736847 238.34125108817312 238.12097375948264
90.31811263318113 120.3061702376771 82.30956562463412 83.061585294462
221.93678575496412 223.2497057595201 221.59949124871864 223.02984167963857
124.7616832311271 87.0528652992176 154.36773102135757 146.8202579826602
161.83789340502926 179.23691285782064 196.04444092993833 201.1970583583742
126.06305273501474 159.85145758270554 99.83180478218146 119.3961677038978
210.21405906761044 209.97803270685867 153.33561142299243 151.8376861117891
123.42111959287531 129.45946928389677 144.4151217739004 173.31115957833515
176.17839871037077 157.5129500268673 173.44373992477162 158.75131649650726
180.85945463812436 202.3829001019368 177.97719164118246 198.94520897043833
226.5635813148789 168.31228373702422 233.50216262975778 230.3477508650519
244.8939043824701 244.5885657370518 244.46163346613545 243.791593625498
244.61429282868525 247.80876494023903 222.07295816733068 237.63520916334662
82.3477626459144 121.63570038910505 113.59338521400778 201.56274319066148
108.88514851485148 96.06673267326732 73.17742574257426 121.05841584158416
117.2107493739164 74.34328645733 73.0799460604893 47.372760547100754
89.53555355535553 206.21782178217822 184.53915391539155 225.56885688568858
210.53302189572784 210.2730903644533 208.16885386206405 208.07460238214108
212.24543328487454 211.91751469565767 213.5761645913659 213.26117186018584
107.44895050531225 64.97784400103654 112.69473956983674 64.8535890126976
145.93040103492885 137.20310478654594 210.4282018111255 181.04579560155238
136.20618361153262 121.34123672230652 175.52389984825493 146.09218512898332
241.32753271280183 242.1626422051351 241.7966185529925 241.9848914069877
134.5097638988258 135.09795463153907 134.878245865073 135.38436934472455
68.70627819836353 81.78251892635926 54.157452014988145 68.15615202263515
141.28227819378262 192.6712049012934 149.10664851372815 196.2080780576356
226.41580014669717 225.79941321137335 226.63947016438712 226.03235966691116
170.15263427661927 170.17367611751058 170.14014405567994 170.23170304027624
4.957169108985535 4.955708429533996 4.887480563539556 4.918201950713848
197.42710527899837 197.77797507975683 199.11969541924998 199.79368566785047
92.57610321615557 38.30478683620045 92.58302169035153 37.6217277486911
195.3279215806402 159.13202634400366 193.16801960483994 167.7347220094961
125.6603825784523 125.16791162753933 125.0146233499328 124.54525333965694
123.15561649201841 121.67642738223485 144.88052100675742 139.95886788757224
200.49732892393794 205.70312897481557 237.5698295599084 237.99084202493003
156.82248520710058 164.37009144701452 182.0554061323292 92.84938138784293
145.05079100749376 144.60660387177353 144.65135824313072 144.51462323064112
90.5196292257361 85.65114503816794 126.07949836423118 105.40468920392584
79.31291623675078 76.14604633711659 51.13028796548166 47.257949535690834
247.68678004711242 247.56736817581734 247.43413320908078 247.29199347674148
31.559099437148216 81.42749932993836 37.43366389707853 99.5993031358885
87.68853431792708 73.14604074635723 74.13502999934067 61.50932946528648
186.44619799139167 190.59540889526542 133.03706360593017 123.23266379722621
148.03599881971084 140.48716435526703 162.87429920330482 163.38742992033048
149.25714285714287 146.8077922077922 90.04744588744589 84.73835497835498
78.05498756562586 129.48203923735838 74.09726443768997 127.43271621995027
151.6909555140921 173.14759893940882 146.21162722184033 169.86850633408622
132.00824295010847 41.43253796095445 135.45813449023862 42.632971800433836
31.15085967831392 41.18649473100388 14.762895174708818 18.614808652246257
83.8802686176021 83.56899250200189 84.22011720171798 83.65441872315644
119.18137580181376 112.56226498562265 182.20327361203275 181.95686794956868
25.328404831320285 31.352144939608497 44.83819241982507 79.74656393169512
149.99742590947403 149.2142645618351 149.2947447550058 148.95979407275792
172.93720565149135 137.3984301412873 132.77331240188383 182.63893249607534
135.01335200746965 155.97422969187676 139.6934640522876 159.46349206349205
84.01042535446206 137.40158465387825 123.83673894912427 108.07631359466222
133.4381335037896 141.13953063647156 119.36389370833714 132.02547712537668
14.537719654171479 14.434595336933112 14.597147226817317 14.683635569150098
86.18175313059034 82.32808586762076 142.7865831842576 140.9509838998211
141.78983583344396 142.43911235010398 142.2916279481393 142.6251161555821
44.5855230125523 45.32050209205021 75.84610878661088 71.02410041841004
146.76047338837168 147.21256367468823 146.9113165290708 147.34766379764622
181.2122770919067 214.68587105624144 217.2383401920439 182.06858710562415
61.900066844919785 62.07887700534759 120.81684491978609 123.4451871657754
198.22310469314078 103.36317689530686 222.53574007220217 209.73574007220216
132.1040763226366 144.47687192830298 133.411679676207 107.09973980919341
186.6621819960861 178.43199608610567 185.6042074363992 139.38380626223093
27.86348473184501 77.5016679497049 23.501667949704903 56.94200667179882
242.77883698760724 231.30791229742613 249.23482681919288 248.32570702256118
249.56924769027717 249.65860096788384 249.53999120105587 249.66634403871535
49.50732278851787 157.01757469244288 51.82601054481547 168.68248388986527
97.78465869106263 206.1534130893737 57.92329345531316 116.8494018296974
57.09977847517076 32.979601255307365 63.608085656267306 36.64482185711648
89.41030156284394 111.32665639445301 86.8410008071025 108.28226575684202
117.17146666666666 172.31253333333333 146.52533333333332 126.47413333333333
228.0128690386071 205.54882664647994 189.47009841029524 92.9674489023467
204.8476105744789 204.99142094560244 206.86524529740723 207.29565963396035
60.82255389718076 107.10732054015637 117.33878227908079 146.31390665719024
37.218120805369125 30.803877703206563 111.8400447427293 45.61334824757643
145.61982705373688 197.03829524397776 184.6071649166152 157.66337245213094
43.62329869749744 58.40875164642178 37.59029708766281 52.44146055905166
111.09488488796936 110.42008187700841 109.74206541356693 108.74133908526655
69.97823383084577 39.757462686567166 187.82089552238807 108.13930348258707
124.64503862150922 151.56518122400476 117.66108140225788 152.26286393345217
64.29066374908825 64.26602642029337 64.33888483669665 64.45739119863846
195.57781367797523 197.02477113624124 62.566505115778135 71.81206246634356
120.81998420221169 125.24707740916271 126.9455766192733 132.73420221169036
213.9970014992504 187.75262368815592 208.2935532233883 183.7113943028486
161.63773364485982 171.98785046728972 138.10186915887851 144.6557242990654
235.12715065044063 232.93285774234158 204.56294586655477 197.39194292908098
114.16428101349128 96.73576834485029 123.33415597235933 111.72770648239552
88.68605123247946 89.61937167713872 87.34625422909617 88.38449492508458
71.67525242118278 41.31918400989079 119.28806923552442 84.24871213682259
22.95383064516129 41.02298387096774 25.809375 46.95201612903226
254.99150652935555 254.99136497151147 254.99203737127084 254.9925682131861
102.39375470278405 119.40173062452972 101.78908954100828 117.6517682468021
229.45598869134997 230.55406948295547 228.59908660903605 230.10259337791553
70.0863073561544 88.1755280407866 144.56081573197378 74.30371449380918
108.37111034561947 138.36869904696292 126.75691813066942 141.02721322769548
122.27537759044608 147.24587284861258 175.63681067790657 214.22795925535652
22.82932784989076 20.801310885490295 54.76044210255751 42.58527181596196
94.07009981851179 159.8983666061706 95.25068058076225 157.08008166969148
94.64051522248243 208.02576112412177 96.70550351288057 214.07494145199064
58.75973269096278 68.74636723910172 87.5245162794312 90.43072499805734
120.62572588519451 119.11056580502596 120.25191428130942 118.30929133048974
43.352002638053925 42.73621997311214 43.04111812901098 42.64612028511275
97.04436205574022 132.2563283047814 98.58642290974176 137.21529020710815
95.04313725490196 68.05816993464052 87.16209150326797 171.24705882352941
109.84784735812133 129.06042074363992 125.06947162426614 72.18517612524462
59.30558574222995 125.24146924581612 45.008911106281246 100.0797652684199
59.697879282218594 62.84437194127243 23.784339314845024 23.875040783034258
235.52021245205074 208.9516081439953 243.0778990852759 236.7332546473886
232.8380187416332 232.48852198919133 233.11854826714264 232.69562199414943
147.69849246231155 151.04870506378043 40.88558175492849 44.546965597216854
117.73688639551192 114.04165497896213 62.72720897615708 79.67363253856942
200.6820939748836 190.2680965147453 180.2077042472132 167.4025680824044
210.51909722222223 75.18315972222223 208.99565972222223 73.32638888888889
112.2844002716217 112.8994588143301 113.099718089594 113.58429532687202
80.69454770755885 74.45004646840148 102.52199504337051 91.87546468401487
140.83207157604954 144.94322092222987 65.17515485203029 139.7598072952512
178.99126117179742 200.3888778550149 148.53227408143 178.06176762661372
210.32864290181362 214.59709193245777 182.47967479674796 187.1019387116948
154.00042007981517 94.20625918924596 157.61646712875446 107.21088006721277
161.29489851892484 137.5996708721887 152.68732857926494 137.27613823368074
147.6886183165696 157.9361566966649 126.41122286924299 136.62392800423504
180.82565309344375 181.562271007715 179.90527538649428 180.8577343540556
236.4443866943867 229.1585239085239 222.19906444906445 149.6237006237006
233.23430824843905 238.42162339796255 183.7269142293789 231.2898455471574
191.0679418210799 190.75920075143028 191.53824040076282 191.39589559673243
104.5975077218021 98.92192991798913 87.72702098200021 66.25636383001384
150.71823406772975 151.93711613230406 151.13548768805995 152.15760410210177
39.07769929364279 51.51917255297679 147.9863773965691 173.03178607467206
173.93822081833542 173.4612747618698 173.8210534048336 173.3377163985406
128.94843241391126 156.6921363714237 170.2922734281309 173.00051396265204
185.48826051159753 186.232149447804 184.83022456917354 185.58583879851233
78.56576085079935 79.42457097475916 78.58357791512724 79.43841718172715
