194.2750916972324 164.45148382794264 189.9918306102034 162.72507502500832
249.40673225308643 249.5630787037037 249.81655092592592 249.6329089506173
80.59696851923825 36.48464827050136 29.678196657598136 21.686746987951807
80.6030273590523 79.82685135855088 79.88639568773701 79.49133473314738
196.33450287625965 197.46220064460854 195.9661784504916 197.0661743706907
36.91462167689161 27.846114519427402 103.86503067484662 39.53118609406953
48.26556506344054 55.99527884331661 68.60401298318088 109.8388905281794
25.310036570499797 57.7234863876473 21.33604225924421 51.11865095489638
81.14438410481856 101.94560813722956 81.62968709594 99.65442634255668
220.32151643927534 220.80781704316706 220.5545180049206 220.94766271527624
128.7089330024814 172.36923076923077 132.55037220843673 132.0667493796526
37.47399588053553 23.56307929969104 13.4129763130793 10.704943357363543
208.4326267978804 180.94814534443603 174.7229371688115 117.72066616199848
71.31439902979449 71.37051361893212 72.36851420892195 72.2318660067521
140.41141001855289 85.8817254174397 204.60343228200372 144.8905380333952
220.96940356312936 239.64833462432222 199.78001549186678 232.7285050348567
102.26770287958115 103.30173429319372 102.46655759162303 103.86325261780105
136.8725803020634 137.607104871304 187.80514784088493 188.33460965751968
177.3714867617108 213.38370672097759 228.64928716904276 235.73645621181262
238.76246556101776 238.72410998865539 238.81411052887472 238.77316190373293
110.33295754686594 109.01468788249694 111.8538942214778 110.6644012111061
191.3684543918919 191.7641821509009 190.5295608108108 190.9989090653153
157.7017543859649 152.54619883040937 92.95555555555555 93.93543859649122
193.53726948706029 193.000929800093 161.9982953664962 160.7878506121184
100.27850125656843 101.25119945167923 72.23383596070367 78.50148503541239
40.08850855745721 112.98924205378974 33.30073349633252 47.80880195599022
101.60738815667348 86.01967700018564 102.30452942268424 81.05355485427881
217.85584677419354 213.03125 126.72076612903226 108.52923387096774
25.214228471513916 25.184285297974647 25.11226868716305 24.96779833891884
56.696269487750556 36.94097995545657 100.4423719376392 89.90785077951003
144.5719655096175 129.78288746407253 140.41277912889674 120.0364802122485
80.29040433129823 66.13189724686096 98.53254233383251 87.09480474599701
15.979415397282832 16.172581309180732 15.871634417455743 15.887278715520791
141.21590228715124 149.67991857262604 121.4066578852832 143.36187282960125
145.80039711288202 145.35139123668463 145.59658160938045 145.44761061472002
101.47640358014647 100.35475996745322 203.10821806346624 206.71277461350692
128.24671280276817 157.44913494809688 213.3083044982699 222.0121107266436
82.50591715976331 145.5521449704142 139.2082100591716 117.03402366863905
155.97133138969875 158.00510204081633 153.79713313896988 155.923833819242
121.65596045274049 123.16040411680488 122.11407655528242 123.46170885221103
193.0265072765073 197.6216216216216 136.58575883575884 205.49272349272348
99.92704149933066 120.71304264677758 107.9861350162555 130.53337158156435
166.2301950545231 165.38089387190908 165.44601443710644 164.69178313623098
115.67184735911044 141.12951731109428 100.59653778114733 131.10538286580743
121.62751436781609 58.67169540229885 146.32363505747125 131.81860632183907
118.55182012847966 79.26552462526766 74.30235546038544 65.18158458244112
183.2229979850991 182.91998969120473 183.32090811114756 183.13628695937396
20.461478355993123 20.38650570401625 20.560712611345522 20.33442725425848
243.98030303030302 233.97373737373738 251.47121212121212 250.25656565656567
132.3539714096374 132.00937233740416 118.50818896146927 115.30379626999905
138.91613750821108 130.63586599518283 81.96277643967593 70.65776220713816
30.87194066749073 45.65735475896168 73.08380716934487 73.61977750309023
185.57943603851444 130.08356258596973 144.30949105914718 176.5216643741403
173.78243215000148 174.81694682470965 173.00334398232465 173.9140417400651
83.68401180315385 83.88866326109718 83.24618459878796 83.32452327315417
76.23166919710637 91.04269000625168 69.69902652496204 85.8685362150576
49.98580121703854 139.3133874239351 44.75557809330629 126.97819472616632
116.66002682628977 117.6994254369282 116.82344697803848 117.6389461672439
19.835685752330228 17.296671105193077 57.75552596537949 44.71318242343542
126.12880765883376 126.87804612706701 95.68385552654482 108.7384682332463
84.54552952820852 134.66826129990102 82.56581986143188 133.6326294952161
10.955712603062427 13.204240282685513 26.69469964664311 36.447585394581864
141.785676753315 141.96940005563627 140.88180385126572 141.17769604055266
51.71588838268793 51.708086560364464 51.445985193621866 51.34105922551253
134.85920052268946 135.44202898550725 135.8262948443811 135.8667438821573
151.71135534497395 152.28412454397358 151.68650620654842 152.26124865199733
171.2615953212574 170.1982779627975 173.13008691414183 172.02063195516206
92.94372450203984 92.21502279817615 112.87628989680826 124.0280777537797
55.854445747960604 55.846260879054924 56.436499058740075 56.258996535072164
167.56563474922007 192.8320134389249 181.53323734101272 210.76913846892248
31.66652569253542 13.346584901670543 39.89490378515542 14.845844787481496
162.42760848977773 163.22993148014038 163.39117597905408 164.18361094089465
163.69061876247505 207.96057884231536 207.03892215568862 170.4635728542914
138.12152894884767 137.64010680157392 137.09047217537943 137.21315345699833
63.01852198316183 109.29204864359214 59.52179607109448 99.40935453695042
113.9524 184.6716 82.6284 130.2768
18.943536404160476 20.99851411589896 97.77810797424468 97.13769192669639
191.78299379982286 155.3182757602598 126.98405668733392 114.01978151756717
87.54613405219949 91.51403014336478 67.73226320303884 61.37752726381571
211.1671588895452 117.01063201417602 209.3402244536326 111.26698168930892
39.13878406708595 51.140985324947586 45.564255765199164 59.4188679245283
226.64426572656163 227.015533766663 226.8557893577173 227.0664867246888
243.15959952885748 249.2137809187279 223.31213191990577 243.51060070671377
141.70816044260027 177.29223473621815 162.27188302706975 195.70183758150563
230.06643220007817 228.58382180539274 164.54591637358342 154.5932004689332
79.05736177262374 73.8954234831228 47.17125698902464 35.85379995858356
75.73000395309 75.816016602978 78.08153248122282 77.99683752800105
120.43423212719544 119.25104009715069 120.66725886612544 119.55798682168799
62.17426820966644 59.4331744951214 84.06047197640117 78.42999773088269
253.97137689706693 253.98348667138475 253.96736651726036 253.98765432098764
89.37895102466135 47.52552969781174 47.16290378603682 77.3226814866273
95.86702873160476 95.93297126839524 94.3187105816398 94.52340574632095
250.96167494677076 245.60894251242016 247.03974449964514 231.65436479772887
193.19942894794642 188.0852185372282 213.97847573028773 212.82517021743905
173.62764682381143 229.72992409109068 171.1618058330004 224.29804234918097
95.1010267693436 123.57132379904657 136.7075540887422 155.55720572057206
125.06921747147632 124.60364181168606 125.43086320156736 125.27470323844646
50.637147102526 58.51431401684002 62.86696384348687 73.47637444279346
165.97109826589596 96.91875401412973 164.31824020552344 120.81856133590237
175.96082089552237 74.30659203980099 177.84141791044777 73.34514925373135
91.42610760046085 91.2869112872255 92.84628006842858 92.86970638550432
147.29591378536148 165.54288280197576 142.276605298608 77.19039066008082
120.85237397090334 101.6577196346002 129.86579451900303 103.7983534453592
108.23012637586629 143.69853240929473 102.26070118222584 95.05238483489605
40.215279000176025 47.76835064249252 21.13906002464355 20.937511001584227
178.6440336749634 138.08620058565154 176.68191800878478 134.93576134699853
117.04536433229373 112.31528210944145 77.90785370002835 48.091862772894814
199.98116445703008 199.0173338482001 199.8672930879135 199.07825975028962
224.03537346989756 223.69268048963278 223.90287284536598 223.5490881838621
160.92641864845774 152.35142453496587 140.54155874735108 129.75547445255475
196.10495283018867 130.29481132075472 121.63856132075472 65.60436320754717
75.64531033420607 76.16429231480055 72.58859541044201 73.51128137994763
176.9543434229774 176.4271688983909 177.44750759536402 177.0246146056037
56.324164832966595 70.4618923784757 44.69853970794159 56.4623924784957
115.87886257593098 114.08859347947296 115.27258854946152 113.58039146638495
74.77628865979382 134.02439862542954 83.34226804123712 73.06666666666666
251.4800261951539 252.9941060903733 242.25147347740668 249.04256712508186
137.1687906724512 164.7992136659436 139.19116052060738 168.841784164859
118.71991762283024 128.71785819358635 179.36657840541335 126.32185937040306
57.520789584208316 34.7677446451071 150.9840403191936 124.76060478790424
5.001516750197837 4.996504879978898 5.017607491427064 5.0754418359271956
168.68951476077368 180.92466915507296 132.0072955548015 139.2991177468612
46.8347288949897 46.165408373369935 47.036952642415926 46.198682223747426
164.81439393939394 126.06953463203463 154.31493506493507 100.20400432900433
213.75239504085658 214.0601930121161 213.6243660185968 213.86003099464637
233.84030470914126 234.0281163434903 234.0236842105263 234.1310249307479
190.7992148065059 184.9994391475042 70.20527201346046 68.1850813236119
72.14291827128798 91.79418057338468 73.1961916987591 129.17073170731706
200.40535183349851 210.9958374628345 175.3688800792864 183.9266600594648
147.28084643358244 148.33410646278958 146.95661884717808 148.06099132376943
67.04408326839585 47.93932984526327 58.84615384615385 40.288878993654684
125.78485007890583 117.52635455023672 144.3343503419253 145.53424513413992
60.874302418283285 76.43582248206218 65.3200903534414 89.44220037204359
179.78828180149654 180.70312014683043 179.2521530424961 180.2325568262036
139.19714020069893 138.81497867974736 140.37517232535026 139.75743002789267
130.93299382157537 131.50691518237986 131.83731871881704 131.37530698239536
30.205215024840985 29.95307110534477 30.69602227777602 30.554159678491185
26.094580702012042 34.05536789543252 39.070201204288445 50.77059773828756
217.47206165703275 208.7437379576108 243.82080924855492 242.3908156711625
140.78057875894987 120.74761336515513 123.67586515513126 92.14498806682577
97.68517276081852 69.68919825561892 127.48054344179805 97.39584032203959
193.91354862657758 192.86599851521902 194.64198218262806 193.89335560504824
111.88959394734434 113.88309588456023 111.56469080813936 113.13639830379206
226.68171114599687 181.5616169544741 235.1510989010989 212.14089481946624
93.05711318795431 81.88213914849429 180.24454828660436 90.2601246105919
254.99170102454303 254.99171871958666 254.99219648576434 254.99311662803248
170.27898347801735 170.3682791935032 168.8862363483618 168.91739008681043
116.9831728225209 137.66726637739444 121.9554450206371 141.73806752037254
36.80214917825537 73.39359460598399 37.56679308891698 76.27117572692794
175.7402793506984 196.29822574556437 94.83276708191771 113.69120422801058
60.69297857704402 60.11409198113208 60.46214131289308 59.834168632075475
55.2575682382134 65.64218362282878 171.29528535980148 178.39751861042183
198.93696275071633 213.80024559967254 119.39664347114204 159.29840360212853
237.15885206143898 231.44745351657235 219.4139046079224 188.4341147938561
206.33086457073762 206.54567714631196 205.94818621523578 206.19117291414753
121.99211415696583 168.11002628614344 55.40030041306797 89.26361246714232
50.6414169700364 28.15541865023803 52.01666199943993 27.014701764211704
154.0750286368843 146.8659793814433 39.856242840778926 36.81214203894616
83.31303520456707 96.42483349191247 37.79162702188392 67.63986679352998
34.0787037037037 52.46238425925926 95.33449074074075 154.02430555555554
51.82062691585089 55.51765054879858 35.12548205280332 38.5217047364778
217.48511916683356 217.28295613859405 217.46252753855399 217.36418986581214
99.55897305541434 59.75216065073716 79.95144890696493 38.95221148957804
174.81036983321246 161.92422044960117 232.45685279187816 229.08484408992024
103.90788381742739 159.00207468879668 108.81887966804979 163.65726141078838
223.39647194910353 196.9144013880856 205.75592828224407 174.0266049739734
97.78756476683938 134.9469908330012 34.03626943005181 48.62096452770028
154.84863597153333 153.54302350657753 155.26415246926894 154.02647185680397
133.95217599234815 106.51542324246772 144.13510282161644 118.9571975131516
73.27330405075647 100.65153733528551 109.50902879453392 185.85895558809176
137.41995172968623 108.20032180209171 58.303298471440065 109.23732904263878
229.3476983349657 234.469800848841 179.07084557623244 200.82859941234085
90.81041507512096 90.68020541549953 87.87785417197182 87.84997029114676
106.20905418004766 104.7070340826686 106.53264960806658 104.92164784695603
86.99805447470817 24.80389105058366 87.62412451361868 27.288326848249028
71.71657986111111 85.25477430555556 16.594618055555557 19.473958333333332
85.42566685319903 104.79518746502518 125.49058011565006 97.02033202760678
91.76087713191785 114.53907065784894 91.10128785241908 113.08179603202228
79.38829423821453 82.56205875654749 103.21054429514916 105.7071282168071
68.26009922041105 54.81183557760453 133.2285613040397 70.25478384124735
82.2257178053634 63.631384440443476 80.15569032502606 63.881171230929596
109.44523411371237 113.14694816053512 86.60576923076923 90.65510033444816
129.7694821518351 94.10180995475113 107.41578682755153 139.30593262946203
134.75272161741836 47.116122343182994 137.94971487817523 46.2680145152929
166.67843470863463 82.90684814972352 94.42492556358997 67.02084219481073
8.509514968670224 8.46373868647018 8.289278254815503 8.251450452541192
166.4518712312159 167.13164023864977 167.78393899754332 168.478767188846
76.84478844169247 81.70175438596492 136.74922600619195 139.146955624355
157.53303133257833 157.4551953567384 158.66300962627406 158.45300113250283
95.69104410441044 129.0148514851485 61.22412241224122 100.6509900990099
102.56515927823568 48.23524170193807 108.32546224103363 61.81376698596569
135.53337612323492 137.87008985879334 163.06315789473683 163.36970474967907
245.62776553547818 246.0330542089026 245.75522256500662 245.96430145438518
133.00243783520233 127.04388103364212 111.69478303266699 193.26816187225742
47.39901103081019 34.36401673640167 63.631672372258144 53.12108533029035
67.76451927769644 47.18411420204978 80.04001952171791 55.54880429477794
175.63709677419354 117.08826164874552 216.17697132616487 187.2105734767025
1.5704542954570455 1.5717742822571774 1.5465845341546585 1.5384446155538445
149.9586715690956 149.09948906503678 150.01052908031707 149.22211345621238
15.6131251161926 36.704777839747166 13.792712400074363 31.413459750883064
55.99111414900889 64.09295967190704 114.48416495784917 117.91638186375029
124.84611770233761 106.64971220486315 104.38940444026782 86.32068600963233
141.4782087165134 179.70531787285086 182.45861655337865 134.49100359856058
57.46517671517672 109.82406444906445 108.37681912681913 133.3435550935551
169.72881848568522 163.56299956401685 197.93155064670833 192.9492806278157
129.61489610458628 129.74156347983208 128.8046713078599 129.68036881543284
178.53490730011586 167.5183951332561 157.2760718424102 145.32184241019698
106.37147478014758 104.62468412008491 134.7813605579703 128.71808349337917
107.69598769909194 109.16101424468363 106.88427282485712 108.31993965592271
202.38450836380107 202.94771411007216 202.15391335296212 202.7039505613615
139.8470633843768 84.58247722426827 141.42527621632098 87.46055437100213
115.55797183098592 87.60315492957747 114.33115492957747 97.03898591549296
40.93724428222412 41.07691401995702 41.22850498925617 41.17234274276631
236.18777573985028 236.41263074406385 236.6399643087295 236.63277648341844
133.79315511395 133.5371816102831 133.11271455984019 133.3590936571774
95.90519931437612 96.47699204500505 98.78002900716389 100.12727991913154
186.31483898332735 186.4456589121994 186.05336226304283 186.19863617083755
245.07738867271942 240.56506701253784 227.47297881539126 218.08733246865543
127.52236842105263 82.94298245614036 40.50350877192982 31.428947368421053
188.43756552736423 187.8744233591948 188.79094149716923 188.59776682742714
126.64712855637514 144.5832455216017 140.39475763962065 155.01172286617492
252.65811695165718 252.65906691999155 252.74994722398142 252.686721553726
97.06370847793752 91.42414476945959 167.23673772930096 153.81308874566187
230.48782908483076 230.32845800250732 230.5629962390305 230.45277893857084
64.35162579070025 64.24356342248363 64.46432138497391 64.35265231383865
36.07117258537452 35.96111127565678 35.39558096140746 35.31099132186121
144.96832131240276 152.65634280865507 114.61518879932117 116.19233488898317
66.85128205128206 169.0519230769231 66.36153846153846 174.50384615384615
85.62592415115006 85.68667853231106 87.96655941949616 87.8867743702081
138.47340612891864 201.82493835857696 117.90630503698485 170.4441704825643
120.53912392362412 81.12785473605392 115.50655185323849 65.32029202545863
77.49068262063554 71.27500980776774 60.48774029030992 56.25549234994115
163.63784097504353 184.3160185722577 148.54556006964597 173.2579802669762
219.70149931849159 155.44661517492048 223.8246251703771 160.30985915492957
127.27070351888719 127.1853556377175 128.1169170307935 127.39343796054503
111.57545507927188 208.2665883734586 116.60716382853788 214.31591309453904
101.0967870467635 100.12533053211142 99.92309921396748 98.53171297134784
59.00807043286867 80.72105649303008 86.9584739545121 97.74820249449743
241.81101759755165 242.48861897475135 242.3840856924254 242.69319051262434
160.28261186415975 144.01646990234659 181.71986590875966 165.84521206821162
92.79870530209618 150.98489519112206 163.2376695437731 187.07983970406906
53.62992831541219 89.52538829151733 93.73297491039426 56.244623655913976
163.2880908370742 116.29786110377607 112.47663057829416 123.80168999207817
159.40118922700245 160.05946135012243 87.3469744665967 149.23015040223854
67.89872559652929 68.30452819956616 68.14780368763557 68.58703904555314
124.814709371293 106.50510083036774 166.023487544484 173.8761565836299
94.32658959537572 74.98565235342691 90.9688274153592 69.90080511973575
11.734556513935285 11.870868026125542 12.14010071296804 12.096475046118561
60.779199110122356 84.10456062291435 55.88520578420467 72.77030033370411
142.96841933465714 143.1428338274896 144.0629165193265 143.4418301009167
210.12070678839822 210.1527234333271 210.14216508291412 210.1824420843426
105.20220957482424 61.66086374288584 82.42149313692668 113.4526280549046
33.02579899884482 95.17250673854447 40.91413169041201 106.66153253754332
161.28405114401076 161.09270973530732 160.67620008972634 160.49860924181246
152.71039635304547 127.33822970748385 159.6649360516652 138.82676965936432
21.99745417515275 30.59215885947047 36.360488798370675 93.30549898167006
