175.89384241889206 175.82851467667183 114.43103067755462 114.27344956963142
202.22262247838617 243.50720461095102 243.97046109510086 245.92759365994237
54.852424080980285 47.40769845498135 81.3759989344699 74.1405167820991
110.19453352769679 109.60942662779398 110.46431000971818 109.9062925170068
55.59867854064924 38.20425165182419 20.617064062051135 17.064923872450446
249.60182119205297 228.48399558498897 249.16142384105962 227.77345474613688
115.57574667146456 110.14897445124146 165.26772220223103 144.05019791291832
12.788144976747619 12.112275780615635 11.619842031446076 11.038384882261756
164.0219739292365 130.79068901303538 140.424208566108 194.4808193668529
98.6034173510809 92.4780515434721 73.84584159350514 74.64721986217313
135.79090029041626 85.88576960309777 210.26089060987417 158.20474346563407
27.620575143079204 28.341341058432842 33.91507100967993 33.90722814950894
68.41035564853557 75.83389121338912 94.11537656903765 100.78880753138075
167.686 216.2188 192.7888 159.2228
104.0856864654333 127.35004868549173 118.87475657254139 141.04040895813048
96.9911443556014 118.25277276244519 97.62092683346229 121.80465996045052
125.85611015490534 189.063339070568 78.65851979345955 114.84922547332187
147.3358395989975 150.634996582365 204.74481658692184 200.18455228981546
73.80100956429331 90.72972015586255 71.55207226354942 89.98653914275593
250.04027348919277 250.01023378914866 250.2016762240847 250.11023378914865
200.95018353434713 200.3070267435763 137.49895123230203 138.8072889355008
252.91032608695653 251.41847826086956 252.21195652173913 237.3038043478261
168.2086765513454 144.95620538165844 160.97267984623832 132.83099945085118
38.56373801916933 38.43974973375932 38.82207135250266 38.567332268370606
23.88719960765081 50.38695438940657 16.64541441883276 29.59808729769495
128.91162162162163 189.37027027027028 125.5418918918919 185.13324324324324
164.22021712560212 163.89010712488317 163.0136961679488 162.8626428930908
116.5248291571754 116.098861047836 223.67744874715262 223.61731207289293
96.53514395617205 75.60286746707075 107.1234409604849 98.86490266930878
199.5531914893617 229.89000401445202 134.11240465676434 190.3014853472501
8.441226423527308 9.529364440868866 8.501921873603289 9.480736569232144
159.93268668926027 151.5299754586888 132.66740680144912 130.8786958046044
223.45355206606928 223.29430601983202 223.45161380937668 223.506699626394
158.32914731005545 158.54227483890304 158.61912183425744 158.7311254308407
33.77713178294574 46.895348837209305 48.912144702842376 122.18733850129199
107.70095693779905 79.72142477405636 144.37799043062202 153.79133439659756
118.4460820437239 132.77781871775977 146.52542372881356 159.9442397445345
158.02528862012093 96.85678944474986 169.8609125893348 109.3213304013194
110.37597200622083 158.37752721617417 115.46889580093313 166.11741835147745
196.08782788093134 186.85101679929267 175.49218980253463 168.8352490421456
22.49666348903718 77.0743565300286 22.52144899904671 73.267397521449
221.9085252022402 128.45550715619166 227.16116988176728 129.92283758556317
178.62971054068814 178.9415619879847 178.33173129437466 178.528490806481
143.37921234267154 162.11043442955744 235.54161591555015 239.77019894437677
135.0751358840456 117.7630821698817 143.9961632740062 128.99477778961952
142.06609232351806 139.86022888003086 160.58274398868457 148.78024945351677
98.76553846153845 143.97015384615383 138.47692307692307 95.80523076923077
154.5683818551117 183.18584969532836 167.1308395396073 193.14404197698036
114.16517582975088 114.24135537101813 114.56156043897359 114.74241008250782
246.16960784313724 247.4656862745098 204.6611111111111 192.04509803921567
248.38177623990774 251.27066512879662 245.3348712033833 212.7454825067282
168.06326530612245 208.10918367346937 174.1482142857143 214.30408163265307
57.55819084390513 57.7826806398235 163.40485383342525 163.66298952013238
176.8028164566954 176.26437434877332 177.00612547756623 176.49913169776767
213.93991596638656 154.46134453781514 145.96932773109245 166.78487394957983
250.86991312299955 251.34362139917695 234.48079561042525 236.03086419753086
198.8821229371514 199.45868552699673 196.5348743603013 197.38951181645677
195.66615692699799 196.03939559439286 197.17920990351357 197.30748225013653
171.04859462835728 171.55365396627107 141.9426608369769 146.35153029356653
230.28263363156688 251.55471438403305 246.75017205781143 251.63753154393208
215.2590618336887 245.78837953091684 210.47814498933903 245.9637526652452
170.59484512774137 188.7148993895546 209.49830431833598 218.49129550079132
45.658268494504135 68.86884031122638 48.48956403606274 72.89205878720514
89.9676923076923 149.63384615384615 155.1451282051282 213.3523076923077
212.36970141499344 212.37449955685952 212.17297759848415 212.1872192170166
147.85212173167596 166.30004286326619 173.73510501500215 231.9794256322332
63.91000147297098 67.7167476800707 73.81580497864192 77.59287082044484
113.21165438713999 201.97789685197588 196.59410582719357 205.50368385800402
111.62213186174847 125.791170490851 48.102526866105144 52.72959628231194
83.91161428601744 83.43316427222375 84.26817053243639 83.56354646351039
46.85628489033521 45.98867634997487 47.214329179564515 46.478318385057015
230.8965261832457 230.6202503518258 231.25764758166062 231.08021628027552
56.16354759967453 100.94385679414158 30.99633848657445 38.610659072416595
227.25211668005684 227.2183425004635 227.18923428712688 227.18011865768494
235.2431391429947 227.3461723639865 215.3740972556572 145.66490129995185
163.82946486137976 164.56447453255964 99.86557059961315 157.83430045132172
199.33071988595867 90.82893799002139 190.75053456878118 82.32074126870991
188.11392015326194 188.75238616537237 188.4187335363142 188.99031849748553
183.98267567567567 183.9247837837838 184.04659459459458 183.99902702702704
16.999829893399863 16.975844862780676 16.436210024948966 16.324903606259923
195.16026704888353 194.51565328907665 194.5294583584792 193.90151629450816
148.6141427187601 102.26057474975784 100.49015175976751 142.48369389732
252.2007764570552 252.45010544478527 252.61364072085888 252.58526648773005
160.60705815387536 160.98415710084433 160.1579862758119 160.44224140657116
202.77254584369757 202.89445826343496 202.80022560305432 202.97125007230866
104.77817659727208 105.7625029911462 134.48456568557071 131.05874611150992
212.45061594985953 211.90425761832722 169.40847201210286 166.7722066133564
33.63820549927641 51.89134105161602 31.788591413410515 50.95224312590449
78.32976716311899 78.19861052538121 78.71751048764789 78.63378687323818
222.24777259227832 183.32753500212135 174.4467543487484 220.7051336444633
118.27221933178004 118.74049358698849 118.33010609179541 118.79865179722668
209.03645954768012 209.0219456749825 208.97522732571696 208.94223595243648
157.3247885157652 154.8947705716483 181.01486798256857 178.95962573699052
183.42635537449075 181.79160137887808 163.4105296145409 149.23190222500784
24.179599436392916 24.16616344605475 24.94580314009662 24.874245169082126
164.76107745090883 165.8289656179283 165.2754580626323 165.95963208993356
13.749025974025974 21.834415584415584 25.469805194805193 54.811688311688314
6.826303186590533 6.128752993184748 6.971265426413704 6.260637318106466
130.78104957099285 130.42416122687496 129.71081212052107 129.28180496565093
246.9237152888605 248.30609639323333 213.66709224385573 248.86977338014682
233.62678421494542 161.02518891687657 233.53148614609572 174.3727959697733
215.0997841208923 238.92899976013433 202.31830175101942 214.17510194291197
127.02083543639337 127.14298116331186 127.76010983020734 127.84464274898548
237.45571725571725 242.17089397089396 168.74677754677754 227.15218295218295
178.43823738450604 152.7678749111585 177.46197583511017 154.69211087420044
144.70932333665957 145.4866366406861 144.5378516141212 145.3402734701583
168.45802341597795 169.48081955922865 167.54838154269973 168.77086776859505
192.33040201005025 227.679229480737 232.01256281407035 195.52554438860972
154.30737159071168 154.4926457814581 153.9505761769645 153.927963402629
98.41219872110182 75.16822429906541 182.58337432365963 102.66797835710773
175.2189440993789 164.66187888198758 237.5 182.9635093167702
75.23242994947175 69.3355535140101 137.32866329811668 117.40813045475424
53.5995085995086 90.63250263250264 94.38048438048438 56.685854685854686
164.64199261052363 155.3878201044719 159.8919607593324 151.0383488342464
176.52297794117646 123.78952205882354 201.84466911764707 167.62162990196077
142.32386363636363 64.74337121212122 145.0785984848485 67.32102272727273
81.94536042944786 104.47440567484662 82.19401840490798 109.517254601227
77.86728563626434 179.82687056253414 78.38448935008192 180.49426542872746
69.30657640232108 68.66407920187315 67.57546065356816 67.20899928738675
101.00254279616765 100.71516142214958 101.11310902238569 100.59181310448167
19.78476586255828 19.687664707074802 21.602777214676667 21.089448611392662
160.79735682819384 222.18697993147333 233.39892315222713 242.74400391581008
11.06099235144146 11.727691704255736 15.513139831339478 15.773092763286918
83.37315149523496 121.11386789352612 74.70851133749589 83.93838317449885
218.00150262960182 197.38918106686702 237.32056098171802 209.78487352867518
49.737211195291465 52.02038069000063 48.827124162544614 50.904483125665266
124.11701701701702 128.12732732732732 102.26806806806808 104.27637637637638
109.40944411237298 78.54178123132098 110.63921099820682 73.43753735803945
79.77739251040222 28.289528432732315 72.7239944521498 26.041608876560332
236.43817492374907 236.1797873217377 236.6808589563927 236.50947984502514
237.37528140477264 213.84308869878433 206.19000450247637 199.69540747411077
91.02871712292003 70.10708534621578 87.54821971730185 69.52925389157274
124.72912667946257 120.76487523992323 182.2891074856046 185.95081573896354
125.284807120178 125.66101652541313 124.51091277281932 124.8438460961524
174.13949535887045 180.61968884821545 170.20630147731728 178.1856451823768
197.27188940092165 221.95874478823788 183.31928900592496 207.94930875576037
189.7155762387079 128.9247194087052 181.55762387079113 127.58992608814673
232.83870967741936 170.2995391705069 238.74500768049154 237.43625192012288
214.3783783783784 216.08159425248033 193.0651727677044 188.6980841601095
143.10655454440732 153.84057136274623 146.0172791153093 158.09860615136506
211.480117820324 187.76599574537718 210.14694812632956 181.83046964490262
136.7150841191138 136.04365022498638 136.53652804448137 135.8080880456278
198.621383203952 194.56492589978828 220.15490472829921 218.59315455187016
198.93605344786448 213.97518492006682 206.3664996420902 237.8876163206872
167.6067573908963 166.03263986652067 168.07763699880078 166.3730121487043
58.379959111504036 58.09219250745939 59.11202895347552 58.742126201790256
78.53796058269066 56.45878320479863 106.31105398457584 79.22810625535561
208.00299102691923 195.95114656031905 89.56031904287138 82.77866400797608
251.21571103814094 253.30841121495328 238.1773175044203 252.27506946198534
155.78747211029338 156.21402644110694 156.6518032568517 157.20683339438543
191.75723505296912 190.15261598408898 190.9663108332995 189.30279660672971
133.45391705069125 150.35115207373272 203.63917050691245 130.8073732718894
154.93826940231935 115.26387154326494 160.22729705619983 141.31543264942016
139.18294190358466 140.13706100487167 139.0929009428246 140.04408735063865
187.69715189873418 200.98022151898735 169.35221518987342 190.08148734177215
31.541609195402298 16.17770114942529 18.449885057471263 9.62896551724138
132.20989939397558 132.96707167806073 133.14320685434515 133.85204645192107
74.94811411066436 53.99119280107218 76.1614014933946 55.32940838598507
124.56828634273145 161.10957808438312 165.32653469306138 176.36712657468507
40.69807811531308 43.69404835709857 108.42591444513329 113.08431494110353
199.71153548067088 199.52847443965652 200.5126639179093 200.2324146696841
70.67946278679351 56.705092333519865 53.45831001678791 44.19944040290991
105.76405462238098 105.67756074079703 105.24795419421854 105.2437485749031
243.12560791547878 243.10185029906646 243.0153166750517 243.09961428811002
42.90609771819002 42.60113445919814 42.69581023591595 42.348665721284
170.40751465751467 169.9061919061919 171.2637995137995 170.5344987844988
244.73872237359976 207.73811686345746 246.43566454738118 244.25128670905238
29.6963880484115 29.375614599092284 27.445064296520425 27.18159039334342
234.185738515391 234.4727364584461 233.9092057305763 234.09122731045434
236.55944055944056 234.75277663512958 133.6828465651995 130.18798848210614
126.93924503015413 98.09727496091132 112.82320750502569 88.16026356935448
171.81949042752268 178.87433424499784 191.93335252627034 195.96617244853894
24.067400881057267 19.57444933920705 73.84581497797357 36.30044052863436
245.98753280839895 245.58661417322836 214.94575678040246 221.38451443569554
33.566293459045376 38.80436063641721 60.06791396582204 69.10886859163229
184.5807077072225 162.63790596219098 195.43948941670706 177.36144772984326
13.7852593266606 30.275401880497423 10.096451319381256 23.791932059447984
240.41676904176904 242.03593366093367 168.25276412776412 175.59428746928748
153.63381067509764 138.04500650920588 100.54268179282127 90.32378649804724
106.46221968290244 145.06627624625054 95.28381659762891 134.85316383373805
34.82726840855107 34.82381631037213 33.48684085510689 33.61735550277118
121.82649645248325 122.04971519936045 122.06550414709703 122.39130108923753
84.96791208791208 92.03912087912087 187.3156043956044 191.2567032967033
185.7236225087925 177.39917936694022 244.68024618991794 241.68317702227432
71.29178814382897 136.8301749271137 72.28085519922254 133.9834791059281
94.21010707756595 79.15748237137633 64.5562810133194 52.55615043092191
240.7334098572351 240.37427362077625 241.01585479589642 240.84087811177272
49.76129032258064 113.81570827489482 46.46115007012623 106.78934081346424
247.67826917826918 247.74515424515425 247.80910455910455 247.77695877695876
170.8 196.82097777777778 144.7127111111111 174.86026666666666
148.72654406957906 147.91001335872437 148.1822471079783 147.52835176079356
164.33836119037912 92.29351814105178 83.1174072564207 61.48430493273543
208.4394259181089 177.51667370198396 162.80075981426762 101.70915998311524
55.61646234676007 35.91535318155283 130.4693520140105 56.80268534734384
145.63538026293892 102.79314361790648 139.01214844400067 98.02596105841238
238.42854009475346 238.92042463590104 238.1199333216354 238.48021582733813
143.05097018006288 141.14023944869638 143.44536187239987 141.8511861284893
1.0696939215404513 1.0826268141974422 1.0955597068544332 1.1412559275758012
110.19843487982114 48.288708775852434 101.03996646171045 45.14114030184461
92.83863241039094 91.5097949756195 92.91779064130714 90.68119992015741
174.5349480968858 173.8709657124882 175.11251966027052 174.3039635105379
229.07889589219735 229.6263855683547 249.76505107585308 249.97522277765702
176.80377524143987 241.61413520632132 175.09964881474977 239.14135206321333
177.47144396551724 223.40086206896552 94.91379310344827 146.76346982758622
192.6421568627451 164.49777183600713 207.4108734402852 206.11385918003566
63.68765798439389 73.70216507308496 47.01494669743928 55.945928123969665
55.38134068833193 54.84914258304353 35.33852979973618 33.70188271975057
130.82072176949941 114.26135040745052 127.3383779588669 110.16889794334497
147.3283137254902 134.3032156862745 171.66635294117648 165.55435294117646
84.91930053220376 95.59215814054524 113.71554252199414 116.1010101010101
152.0356234096692 132.56662648988885 145.70188830855764 114.99183072184277
103.77097315436242 71.08221476510067 34.07172818791946 32.55285234899329
124.79629629629629 146.66008230452675 121.84619341563786 142.0826131687243
43.9798285426122 20.9468818288788 45.261556564128426 21.174146915447974
141.06341240875912 149.79721715328466 112.4013458029197 119.70266879562044
160.4538124036523 160.4778845013637 163.61022174789517 163.44978062374008
4.030865507000424 4.052556215528214 3.972899872719559 3.484461179465422
140.68495400788436 192.11103810775296 146.17017082785807 124.9323258869908
181.51669454252618 182.00461500340705 181.2188564702967 181.7230688223998
136.43180674383493 225.28787116255663 128.14292903875187 221.03220936084548
205.8434032059186 205.75636822952694 205.87877056329134 205.81949415055186
70.54573661227305 91.25373477361526 54.88945070098828 73.38565846931739
154.2863766048502 161.29671897289586 65.47075606276748 65.49322396576319
241.64220849981837 230.14783872139483 239.9288049400654 198.84199055575735
215.6059445508284 215.50148475009019 215.60910831737573 215.631032664502
74.03689262887742 73.53046418083558 72.9920538953187 72.64834785183723
183.53542392566783 131.44773519163763 134.0691056910569 89.66753774680603
78.7426948051948 115.03300865800865 129.27002164502164 170.91693722943722
138.48410031023784 164.4853929679421 130.26150465356773 154.560367114788
151.35137522079233 173.42316426949282 148.41319707292456 172.43313146606107
184.07273736812883 120.31371460299833 230.16490838423098 219.59355913381455
33.337727864583336 30.5859375 48.914713541666664 48.246419270833336
208.99496644295303 209.2160234899329 245.30704697986576 244.8741610738255
249.84167011161637 235.7172385283175 253.01756924348905 252.22695328648203
237.12877442273535 184.1398756660746 182.503108348135 146.02264653641208
117.38508725542042 108.24632469592808 86.93685880486515 80.33664727657325
219.34796830499394 219.15774187181006 219.35391816823167 219.34926543157658
199.09056780854058 168.6931018301267 198.25551384326607 150.5286250586579
95.90621165992638 96.52349252510565 95.52817285409188 96.18750852001637
254.9810204238133 254.9771989468572 254.97777408552952 254.97636819099716
53.77564990854165 53.588049442935535 54.78041682833546 54.740812593536944
53.82919005613472 71.85388933440257 66.80064153969526 96.18027265437048
245.55618476571175 245.48778592049746 245.64756828780813 245.5440817232956
87.62762007133435 88.43069331118386 87.90008306053647 88.862241657302
179.98931347150258 178.91353626943004 181.16439982728843 180.07858376511226
172.59920347574223 172.86658218682115 171.87451122375091 172.4070963070239
186.64614198026803 186.20262236076744 186.48218015875565 186.0378892566764
246.28217821782178 198.97981721249047 241.94668697638994 196.53884234577305
65.06719046328908 85.0295312923327 93.2793280953671 148.43294500135465
151.62121294533588 151.13179222192005 151.42605384824586 151.11106880609194
253.99691787631735 253.9018691588785 253.81318353549415 253.81442632730165
62.632647158077425 63.0388082726703 63.09179000144627 63.72954731716724
114.67301387137452 88.63909205548549 133.3952080706179 105.92320302648172
55.17650423244109 38.11484786090139 63.5575383207504 43.78666209105468
191.50120274297203 192.58535884823897 192.24812407999138 193.24812407999138
111.47605633802817 135.23573943661972 71.95985915492957 99.7625
