127.21244656526494 98.10219703747887 117.92812406799881 82.44417934188289
83.89206992652647 88.3499221832133 86.03680914980636 90.63299431756488
163.61033350613445 104.80196993260756 154.19993087955763 94.3995161569034
60.76453608247423 45.80783505154639 135.5698969072165 65.01814432989691
107.18229470005824 84.6618687078792 96.86088692902904 77.14002828854314
16.85329960910554 25.01747528167395 28.584962060243733 55.9908024833295
82.54183403127938 72.0014528672763 107.61464832065636 94.95897786513973
111.01434548714883 213.1237298266587 69.2940824865511 133.56246264196054
135.03528590978613 135.68124614269996 136.81506426597258 137.7157807175249
10.637192342752963 10.151595259799453 9.99288969917958 9.382680036463082
122.29281767955801 129.18508287292818 56.508789552988446 58.56303365143144
137.91318074191003 77.08445146014206 100.35017100762957 107.33043935806367
119.34789594018415 118.77968650229666 120.4137881315784 119.95163649096789
204.21515260037404 201.23640125741116 205.8162826787633 202.29883410926743
234.11001410437237 198.46262341325811 222.0419605077574 153.79266572637516
229.93068334727425 230.3483289086082 231.57362621376876 231.95359493762956
164.6611823759063 165.930842163971 243.91104294478527 244.0111544896821
200.48625915205176 203.146126340882 200.30938191724843 202.77551506895963
27.824179138236513 27.70637463716214 27.667169299204584 27.650657820334
75.31695584148706 75.33902342199285 75.33939705298555 75.27714078882843
53.13665315576144 87.22408801389693 89.63925883034163 54.0848291835553
138.1518202247191 148.19514606741572 157.02283146067415 169.67622471910113
101.28099593495935 70.77489837398375 202.1331300813008 107.0030487804878
142.02670489175827 143.14591751506805 143.11018307411 144.23842524661956
164.05713058419244 180.14475945017182 62.82603092783505 69.11769759450172
252.23253028084653 251.3698921868761 250.73965127113004 236.02435777984826
163.1219829972965 163.96348653138335 161.1589199048891 161.603009673952
218.2263493905978 125.82124201973302 239.90713871154963 225.6720835751596
166.49463065408395 190.03091441588026 153.18190693133747 226.14546046208918
155.5292573143286 64.90697674418605 153.89684921230307 65.4628657164291
39.02142941523922 39.202787950383936 39.81646780862374 39.88059066745422
240.10620168973574 240.09110192342263 240.77479777098688 240.99892144526333
235.96818273159622 236.0295398218233 236.65044544175765 236.9277580547927
113.10788001100816 132.32703421704431 105.35271993395101 134.80240344922484
244.64604016064257 244.52632931726907 244.4743453815261 244.4837590361446
204.44651390760936 195.82428623943144 204.2482538904546 178.87991667687783
217.84844054580896 242.84519168291098 208.58203378817413 215.78768680961664
29.103275957801223 25.44530816213215 67.20951323338886 53.49268924671479
92.16420722135008 153.47252747252747 172.79811616954473 193.39183673469387
157.11288328387735 131.02448071216617 174.40615727002967 164.54166666666666
141.46045627376427 233.02927756653992 141.18403041825096 223.82053231939165
176.6194735497061 239.7337081523128 181.55353948377206 240.56887298747765
159.48117612724354 160.20725716231334 160.65822754025 161.20492241840557
197.45271837155371 220.7942540582324 197.9217985055398 222.3093274929142
224.14934813476185 207.22408674325544 227.32722344133214 201.39421711630308
171.41328125 98.119140625 81.49765625 61.113671875
196.76593342892883 196.76855722000184 198.14818317722793 198.4044299356256
180.45165026056745 229.53763752171395 183.54082223508976 170.60712217718586
194.0631812676625 148.4454985870004 206.6152603956399 147.5173597093258
244.80431254347323 246.17528402504058 183.59100394157198 180.89172269881752
175.2548105619191 174.2694767359236 174.65773242759286 173.43222579086492
95.97157490396927 60.74033290653009 59.70217669654289 90.96491677336748
85.67418725308201 83.90589747251178 85.35032605074016 83.47839021371793
223.22279792746113 226.90747594374537 248.5080680977054 248.47727609178386
243.96198296836982 185.3521897810219 244.58880778588806 192.2998783454988
147.82905314078394 149.27635104692797 148.66223233975956 150.05619975812763
200.84062942008487 199.67393917963224 199.07323196605375 198.416513437058
235.87576020851432 141.20677671589922 232.83796698523022 147.06342311033885
1.0969894475481068 1.1083178150217257 1.090937306021105 1.1288019863438858
152.4429435483871 169.70423387096776 161.87439516129032 181.12247983870967
155.032136671727 156.43282943830314 155.22023134982575 156.26100622207016
114.52375854401713 112.77073210903401 86.19188009552829 85.6458041670098
200.3682306842158 200.1051944137446 173.67889078669748 182.15151210690243
159.3004077933847 153.57068418667876 226.4895786135025 198.40235613955596
58.774524817584 41.85893162778128 63.999729754076206 46.058553283487974
164.55404660340676 162.7691883578538 165.98464931371694 164.29909172687965
152.1755821884439 174.49693072201111 141.22547013543797 163.03916983338206
87.26131805157593 200.57363896848136 105.821776504298 219.8487106017192
217.361330133699 139.30236544394927 167.4278368186493 119.27494000685635
64.51850298773456 50.78624593772932 85.92976202956285 69.4371527413775
191.75965001385168 191.90837104072398 191.59197525163913 192.03963893249608
180.9702897213508 156.1683890016608 182.61957925816571 164.4958479424248
39.14063059835185 25.337155141526335 17.320673593694018 12.183088498745969
227.50525933986216 184.92945230322815 206.51487123685166 197.14635473340587
136.52066742510428 188.78972317026924 145.6897990140311 188.72165339400834
64.41810940421036 65.00487685930261 46.679509062830206 46.83524343656019
195.62031374634407 228.84179739431002 232.06407870247276 195.41584684924223
241.2513140604468 245.38272010512483 174.8590670170828 236.89520367936925
153.6499407348874 106.83840379296721 222.6167522718293 156.65073093638878
224.34557872842768 224.67291584687166 224.84341446961605 225.27137556917197
251.99232219827587 253.52114762931035 243.46430495689654 252.14143318965517
154.65892813040256 192.38305754507286 201.33736725117313 159.86564583847863
68.55463347164591 70.82388197325956 189.66804979253112 194.95159059474412
244.96988364134154 240.564681724846 234.59890485968515 169.17419575633127
209.321118772242 208.6848587633452 209.41089301601423 208.8098587633452
45.175867832659094 44.320219955911924 45.31593226908263 44.494755456505416
235.8831209201119 179.84022381100405 240.21666148585638 239.59807273857632
57.139668367346935 152.70535714285714 59.61224489795919 171.8533163265306
234.60118671124363 234.50594861600555 233.58754254389927 233.4204391433993
242.82795772246845 242.76229116945106 243.2578588475963 243.18131605864303
106.87199498117943 104.56090338770389 106.50930991217064 104.35728983688833
153.31036898645493 151.6017631947688 153.24698349680835 151.5559707301884
251.47477789489534 242.6113537117904 253.45369673241981 251.05616624002408
253.73186591857288 253.7797726945763 253.37361530715006 253.0571716299813
208.52983377077865 248.00699912510936 236.4909886264217 245.90656167979003
170.78126812294607 193.53402281074813 160.64913976416005 185.31770732650298
180.27783751871297 181.2214983026546 180.80920150968856 181.826301473844
180.25904685439008 178.78840970350404 178.5197855135631 177.11272007799508
211.62929936305733 234.52662420382165 162.94063694267516 202.78292993630572
239.5018985157059 237.61719019675527 142.136693130825 137.76769071453228
49.83555158552925 49.649665029030814 49.71591484293583 49.53756141134435
91.52030657395701 100.11622945638432 72.4084228824273 77.70780657395701
94.86928734807373 96.20704579091358 94.37289769924205 95.88164327039512
175.77648455444012 176.71570879248497 176.55931765981057 177.49010297039925
135.01284403669726 135.23188073394496 186.7447247706422 211.02201834862385
25.80415944540728 13.92872616984402 45.34250433275563 20.837088388214905
106.52574370709382 73.36498855835241 126.99699656750572 85.00800915331808
242.29535023874647 242.53284502341106 241.4384126836957 241.40800148347319
198.873623853211 200.0355504587156 214.35538990825688 218.68830275229357
140.40316546157726 139.97191861442744 139.46340591895074 138.77377249033125
91.46785299307139 90.41317726040367 91.39901880621423 90.32134096484056
174.2962962962963 145.8873563218391 132.81992337164752 188.15632183908045
229.44226563368795 228.50298402342736 227.3474811876784 226.7589057345146
249.92917413381124 249.8567054958184 249.85987903225808 249.54379480286738
115.37673207476983 109.53640844415511 138.2488607830373 142.5010694689854
99.97327066693579 96.4124736887633 101.25498111357804 97.88650846284709
109.71588061061745 91.796992481203 83.05650489861016 133.2854864433812
221.42332777187926 220.8042469285606 221.11387835583193 220.99969664795995
201.45823594538072 178.04994464263748 189.98314675851887 163.24098905154386
39.2531865585168 40.96842410196987 102.51998841251448 106.93453070683661
171.10862619808307 171.59196713829303 200.72272934733 229.87882245549977
67.0570987654321 147.8360339506173 53.75925925925926 70.07831790123457
253.93279883381925 250.0134110787172 254.1362973760933 252.34183673469389
43.1348498040923 48.466151501959075 64.45940356987374 74.56279930343926
213.9797962932042 212.76410920020038 215.9767490399065 216.30952579729504
71.72820618133278 88.02022794948147 96.5735701817435 117.24047643495226
232.1094384707288 209.589486260454 177.76320191158902 163.2568697729988
56.14874945151382 74.70688898639754 103.45502413339184 170.9723562966213
123.85245232996839 147.3149790965637 122.12429897012338 154.7530335474661
171.8690099009901 170.8540594059406 170.36996699669967 169.02686468646866
36.779101491451435 53.586122226264095 38.731902510003636 57.04483448526737
139.93579676674364 114.81284064665127 124.11630484988453 103.465311778291
115.4963744620645 106.73660319518953 119.23061958380003 109.94664858810351
203.09076505205977 176.25373472159347 231.44884563150748 182.24875509280218
141.19805496828752 127.44389006342494 155.34553911205074 146.05657505285413
126.08575619014753 128.0968855146234 100.84565611250108 103.58208955223881
144.68150134048258 193.02922252010723 146.42493297587131 120.71367292225202
217.07342217752074 190.11239627860195 181.64520995725422 227.8725169725924
129.8739773062582 129.4919123367043 130.6045763030124 130.69559269293705
152.65824808184144 144.8148976982097 99.24280690537084 86.55003196930946
143.9186402448848 146.31335588851297 119.87119381343645 121.26719832447237
134.30065055762083 152.0778345724907 185.32690520446096 133.82411710037175
181.68703940257444 185.1946546133438 202.52766041073008 200.37339097966003
134.4282396655829 114.34361356247098 142.38792382721783 120.73079424059452
217.63813887525228 218.11574755904653 216.76307751050018 217.13456608301968
82.64801864801865 107.88578088578089 147.18142968142968 156.03496503496504
246.92686753431985 247.0605098948119 247.0581208771617 247.1687288286682
62.329976048639686 68.16059694159553 68.64097525026101 75.2254498556777
82.62851205320034 111.62152950955944 78.25876974231089 104.55095594347465
217.6599020293912 230.8292512246326 104.8740377886634 208.17284814555634
195.24149763790632 195.25371941617504 194.556890027499 194.68310339154348
159.43008758371974 157.24945904173106 159.03833075734158 157.30468830499743
164.14014933946007 213.10712234348077 112.55370476737507 167.9267662263067
88.6645525017618 65.98989898989899 91.21141649048626 67.28345470205936
231.16372274333048 250.8698988914606 247.5273480326471 251.17456450237543
250.95578551269992 251.4657976078484 231.758231420508 243.58177664292432
110.79965576592083 115.90430292598967 122.29810671256455 196.9958691910499
94.31895573212259 154.6799091940976 95.80344305713204 155.45232690124857
122.16952172125531 89.06934356584898 144.75743456214883 108.29984925311771
196.77479857350417 166.6052040681548 201.15149914146085 189.82987716285828
215.86656282450676 224.96002076843197 86.94392523364486 100.88629283489097
20.75640399556049 21.321820199778024 21.622108768035517 22.136781354051056
205.7384136688684 206.3995032479939 205.22776898302308 205.97041323216334
134.13020111917558 133.78478032023935 132.84542079893623 132.33927087373263
110.09552296410652 146.27962176765726 68.96043998456194 108.68294094944036
245.521 248.4368 246.3194 212.3966
59.19463087248322 58.330536912751676 60.07285411515365 59.19048039561992
240.43687150837988 246.95562649640863 214.36408619313647 246.95067837190743
110.03266501464294 133.85582338364497 155.26177066906962 103.74678981752648
53.25471566298729 29.42811233757161 47.22858739695403 25.991476875785946
53.60457478005865 54.53563049853373 54.15689149560117 55.255219941348976
249.1903052064632 252.54329512498273 252.46678635547576 252.98487777931226
96.61845593108019 123.37574552683897 94.88933068257124 117.81817428760769
198.5662224073303 189.82819658475634 127.66368179925031 124.3009162848813
181.17783452502553 206.32155260469867 179.17487231869254 205.01603677221655
77.48428835489834 87.76544410934916 56.30226675746668 62.848136978305284
64.73485705055727 90.32014214181876 64.0789048618963 88.80988531739622
95.89988838327466 93.66248819438482 124.52743195672706 122.19086460032626
208.86004056795133 91.53803245436106 209.91379310344828 89.96602434077079
64.46125542718376 64.26158412441436 63.81163686314912 63.77391027056198
119.15256875973014 53.24545926310327 111.55085625324338 50.776076803321224
33.44882366509053 33.94818936685503 33.68953984546189 34.263147272517585
79.85736989420751 80.23056122206935 80.04132074576593 80.17595711371507
180.05326569435638 182.98922003804694 153.26777787843102 159.01730229187427
100.29090108922874 103.27923864011443 100.90254703487733 103.7650181538123
148.1047564380202 145.80635061444934 146.3296370704725 143.76196936885225
82.78152598812798 117.95395975097728 106.57651657738526 140.53351672216593
239.69877841348384 219.5282201948353 205.5722900881398 209.90258234111644
20.3103953147877 48.356410792721185 15.379000209161264 31.065467475423553
146.85408960131525 151.09069735580218 187.7522948349089 178.23605973421016
218.97330595482546 163.0123203285421 157.80228806101496 177.62452332062188
188.53339153208205 111.05848974247054 195.31645569620252 194.2343954604976
13.953431518692982 14.802277741339216 15.10774551308807 16.0257587502236
112.6313567839196 162.8424120603015 110.87577889447236 115.16
114.82894474587532 116.3709445244159 114.73646329310154 116.06152142619865
79.6393102015375 117.23706627882818 118.94743403282776 85.29108664034905
120.20109871816214 172.96171133677376 121.88263692358915 173.4331613118029
198.89230447511503 201.211208699289 245.3245503973233 248.77289836888332
145.62924634420696 91.00404949381327 163.05421822272217 140.21057367829022
114.26087820385456 99.97317703159149 181.33697595867275 169.33916153387642
94.6290751829674 47.07085828343313 40.11477045908184 29.621756487025948
175.01650846058604 155.58893933140735 168.28879488237723 140.7805406520842
168.03230053541648 167.72409959331753 169.3926680125223 169.14938997630125
105.00614868641699 196.55953046394634 215.66629401900502 237.20570150922302
211.73574879227053 155.95797101449276 115.85652173913043 75.55314009661836
249.79666717627273 231.66350710900474 248.82372725882894 230.79819599449627
170.0710619818397 164.52408211606792 187.99743387287802 191.33241215949468
31.420151557676114 85.36345776031435 27.916081953410046 71.46281223687903
211.53895714713815 232.36469883128558 209.41204674857656 244.56592747977226
215.46267018006148 219.04863855950813 195.3288317962231 193.71014492753622
231.24794520547945 209.39383561643837 198.45958904109588 92.85958904109589
195.74756335282652 181.353216374269 230.98927875243666 219.86257309941521
171.66241704505762 151.122424030737 140.72930492490394 105.50820817324485
189.27029348936566 188.5382418500975 189.12868022661837 188.09944738552986
50.46815446339017 56.10682046138415 29.017427281845535 31.358074222668005
125.0125786163522 124.44732313276386 126.30808223035764 126.21624581495041
212.08508443986076 212.7849684156246 236.85471187314684 227.67410081216966
72.2104724892616 62.89916138269585 142.8204131724279 128.76170996113726
212.82761353245962 213.3427918317586 211.41874428527888 211.80649192319416
71.57857161200853 70.03551709083438 70.12439970209816 68.66378181257865
80.06284013605442 60.54702380952381 68.85059523809524 51.58545918367347
116.09148305630718 134.0318257956449 155.5518618734699 159.52892668470557
171.04182253020176 172.74302446801988 171.9960753050837 173.82351137548292
184.57208781606684 183.11195456283107 184.38124624542624 182.43864343837038
169.2795452542522 162.16815017185158 137.8673658235657 139.84013395611174
172.2748641304348 125.81005434782608 173.63165760869566 131.3069293478261
119.00345489443379 112.81151631477927 230.54126679462573 229.0165067178503
158.30358116706054 173.7791310670787 96.15215415379022 128.13524813670242
248.4076354679803 247.48337438423644 216.58974753694582 215.23121921182266
166.28578453972645 167.63528507760873 165.40052251421545 166.5341324727217
195.22614575507137 186.96788129226147 171.82513148009016 137.3114199849737
238.71757825937394 239.01496388028895 237.9138630890953 237.9387684898521
184.93346731292115 186.46776214682586 185.2656815226386 187.03643456673365
163.76224846894138 118.96259842519684 108.56517935258093 142.35258092738408
166.72866465863453 207.74824297188755 212.3609437751004 214.20808232931728
78.89098334904179 30.22306000628338 87.96575557650016 32.11718504555451
113.29407665505227 137.6214036834246 128.33260328521652 137.56057740169237
4.396373537966459 4.358561792190111 4.446995482393713 3.8247416300513644
202.20980436249155 214.324488419159 145.7182370137171 161.95794917922194
254.94929310854778 254.94560189293108 254.96395149364093 254.96100561963917
109.43970489020435 110.70791529739493 109.35269537966006 110.56549652876015
244.81263126312632 216.72592259225922 243.27047704770476 212.83168316831683
154.41835616438357 129.28182648401827 146.9862100456621 123.56429223744293
52.457713390759594 72.67648786217698 49.9816953797964 70.28543461237275
38.99756592292089 59.07505070993915 51.096146044624746 119.93022312373225
62.727024656466234 69.24188675567683 84.44956631907222 94.06139752460774
123.42827820506771 123.9566130326051 122.08995894870948 122.37045250790355
109.82226266302699 84.64846830451926 71.5306339096148 55.344100697603885
146.01813784764207 188.2466747279323 181.86054010479646 202.13018943974203
140.89725672877847 159.66709799861974 131.01000690131124 148.5862663906142
86.31628664495113 96.62312703583062 33.326058631921825 35.50944625407166
244.37078891257997 209.72452025586355 244.16162046908315 246.42110874200426
127.91398633996069 127.97387568148193 127.01779453193085 127.05271478081109
55.19121197489136 115.26702076291646 57.003862868179624 119.90825688073394
164.8704528582034 233.16555308092057 238.0519673348181 245.3192279138827
246.86267721727663 231.46719419716453 251.02654137817342 251.47889878008573
