13.829074998968094 13.775292029553803 13.840425971024064 13.790977009122054
9.044703538786033 8.969240684321537 9.013006796344035 8.939887508788376
-17.253185276942133 -17.492302247389844 -16.623650681295345 -16.864846929746946
4.045515394912985 -2.1659973226238285 14.451137884872825 6.64524765729585
-23.8106258148631 -39.091590612777054 -23.589634941329855 -38.85267275097784
12.124735729386892 10.298097251585624 -3.763213530655391 -5.160676532769556
-22.140472878998608 -22.47566063977747 -32.16736207695874 -32.2512749188688
-26.590293453724605 -15.251128668171557 -27.183408577878104 -15.40773137697517
-5.439191113642837 -5.324124181144973 -0.8917687268584449 -0.7744232412418115
-46.42738123848434 -46.13442281502844 -46.46539293439077 -46.19158054954738
-23.734728033472802 -23.76283364593854 -23.67112970711297 -23.69424325494157
-32.22847399829497 -31.980107985223075 -19.695652173913043 -19.672350099460076
30.775693311582383 30.696574225122347 30.79825992387167 30.708401305057095
-9.791946852466985 -10.029976504901564 -9.8367495746577 -10.071092927165195
-13.215394295302014 -19.320889261744966 -14.708473154362416 -21.304739932885905
-0.5373244641537325 -6.750184774575018 -0.975240206947524 -7.369179600886918
-29.43712716474391 -29.47935773789189 -29.255433211573333 -29.29264446955562
-4.172198581560283 -3.973900709219858 -10.772198581560284 -10.356028368794327
-1.0117962737950588 -1.01285945727015 -1.117810854597003 -1.1095078979343864
-19.590601866752493 -19.70989261784241 -19.307458232144423 -19.430816045878807
-5.467518178339074 -5.500669728281669 -5.441231343283582 -5.4576396861844625
-39.22960053361002 -39.28073816052768 -39.278477729192915 -39.3445119691692
-14.183356840620592 -13.249848881724763 -8.471287527705018 -7.846262341325811
-12.756040892193308 -7.4512081784386615 -14.614079925650557 -8.895446096654275
-33.561874405860316 -33.50315942515238 -33.5157971257619 -33.46155566739361
-13.1499333206325 -12.060582968184416 -19.36978472089922 -17.84511335492475
-3.6991987240344812 -3.66524892720161 -3.868947708198838 -3.825162343827137
-13.955770524028763 -13.972039728932803 -14.077000672494956 -14.10966840825617
-37.154920634920636 -22.99047619047619 -36.57333333333333 -22.42952380952381
-4.252980625931445 -12.991803278688524 -4.471684053651267 -13.426602086438152
-15.963899059092162 -15.799417345773788 -16.204637612692412 -16.044368331955436
-19.8218085106383 -12.746232269503546 -18.34773936170213 -11.49113475177305
-18.082524095290054 -17.698417894162574 -18.532242225859246 -18.14668121476632
-21.523307421255076 -21.528982973343734 -21.34879091911666 -21.36210560292654
1.5748641651168727 1.5707435364475075 1.5848740108667907 1.5788936294351457
27.408839779005525 6.140883977900552 25.62707182320442 4.524861878453039
-15.094489038494736 -15.16653720006905 -14.858924564129122 -14.924715173485241
-15.206611570247935 -16.20543093270366 0.3022432113341204 -0.448642266824085
-29.424960505529224 -29.19312796208531 -46.23736176935229 -45.9652448657188
-7.418510439389218 -9.97008413836086 -13.420691804300406 -16.643191025241507
-10.658628249295333 -19.218603194487944 -8.426871280927028 -15.710930159724397
-55.19883736897515 -55.110587265986176 -55.08051448711493 -54.968004760378996
-14.545521292217327 -29.5715859030837 -14.293685756240823 -28.87077826725404
51.2383504193849 51.19291705498602 51.23695246971109 51.17311276794035
-46.81518378564067 -47.034352456200615 -30.90724836825833 -30.944005496392993
4.812023417129926 4.828110395041079 4.802577852117873 4.811728243223299
-7.456638140130886 -7.460482357786829 -7.329367077021646 -7.33838268271475
-8.645228215767634 -1.8443983402489628 -8.619294605809129 -1.7780082987551866
-8.862083146403469 -8.818453716165696 -8.7907133243607 -8.746747420367878
-2.058627606827902 -2.017372544566822 -2.1903788652965446 -2.142538132546081
-49.38174715909091 -34.25639204545455 -49.24857954545455 -34.06711647727273
-16.740048921503224 -16.929508561263063 -24.362908605737157 -24.90104514120525
0.011322960912518493 0.01156159022574333 0.026308881783038227 0.02463847659046437
-21.688 -21.814358974358974 -13.419282051282051 -13.49825641025641
-11.005578506959976 -11.003552351130175 -11.031050180248927 -11.031471199642134
-2.643956043956044 -3.3516483516483517 -31.25054945054945 -29.55824175824176
-19.646780303030305 -3.184659090909091 -16.699810606060606 -2.78125
-12.085614122949794 -12.093877551020409 -12.078126956303993 -12.093226493051208
-36.30180658873539 -50.77470775770457 -37.44739638682253 -51.67623095997166
-13.155955792058943 -13.10952575872756 -13.035114905561079 -12.987866206654582
-26.261145859394546 -26.258769076807607 -26.190693019764822 -26.194070552914685
20.540483209894298 20.525706478751708 20.541417990939813 20.563852736032214
0.7887323943661971 18.080482897384307 1.5070422535211268 18.25754527162978
-65.92415949960908 -65.90330987750848 -65.89931369993919 -65.89696811745287
