7.259323806204252 16.508191007319624 7.317880794701987 16.6626002091321
-8.51255107997665 -0.0642148277875073 -8.103327495621716 0.40396964389959134
-2.05346009012902 -2.0132724242237177 -2.076856596086178 -2.01228470893265
11.09513590844063 -0.28183118741058655 8.301859799713878 -1.1709585121602288
-40.8891517700666 -40.82899579390116 -40.88840694006309 -40.84235892043463
12.067118184896716 12.166779546224179 12.094243142566881 12.186725364036572
8.522497631828228 9.131749289548468 10.532207136090937 11.126460372592359
16.842493162516195 17.272808406506407 16.829566719447243 17.237512595364905
5.912477286493035 6.167171411265899 0.5987280436099334 0.7568140520896426
-1.574927113702624 -1.2047480216576427 -0.7250312369845897 -0.33627655143690127
1.1594827586206897 0.7165948275862069 9.397629310344827 8.222341954022989
2.583629893238434 2.4985144797414214 2.6454993633484607 2.55757615331875
-12.265503130355706 -12.189605120492462 -12.298555489489699 -12.222167815046692
18.727877697841727 18.615107913669064 12.32320143884892 12.414748201438849
7.030576557972221 7.061619425107418 7.112780201845252 7.151084168803917
11.937431394072448 12.080817782656421 8.252332601536773 8.38844676180022
11.080442804428044 10.982112106835354 11.014514145141451 10.938850817079599
21.061389759665623 33.47936259143156 21.55015673981191 33.82706374085684
57.481323541025034 57.521440416962804 57.38734896943852 57.550422490721
40.16502195039586 40.13489174890248 40.60628119019924 40.57892761997674
-1.2217235188509874 -0.8904847396768402 -11.285457809694794 -10.447037701974866
80.55822784810127 80.76919831223628 80.83670886075949 80.8139240506329
14.242397833732765 14.698932428647018 14.395592766659405 14.837249836596222
22.49669431852794 22.47895651550714 22.568595130166806 22.552971529930304
16.27584032594461 15.207983702769559 16.669108017655333 15.609788038996944
23.768180140273163 11.321520856404577 23.967146548541898 11.379106681432264
28.293325855300058 51.46158160403814 27.932136848008973 51.66404935501963
43.27024390243903 43.697886178861786 29.013658536585364 29.472845528455284
1.2491362763915548 8.938579654510557 1.8410748560460652 10.203454894433781
5.95513026696687 5.890511418462528 5.856320360244451 5.792827275651335
-8.67334183148978 -8.653768658250751 -8.70504543772359 -8.678399605246927
-14.233962264150943 -13.020125786163522 -3.1433962264150943 -2.231446540880503
13.283357365614835 13.026524932094832 13.330706549076154 13.066731497937695
6.635521546516311 6.422875553765606 17.762786951268627 17.632702376157873
25.168228290085157 25.173855158381272 25.433695897912532 25.425004395990857
23.666428060128847 23.16571224051539 39.8428775948461 39.115246957766644
28.953252480705622 28.6696802646086 20.380154355016536 19.99911797133407
1.3089754244330998 0.6615813843048794 1.5821560014246705 0.866199691321382
8.513323631254078 8.516133888693732 8.374943543935364 8.38234556129874
-9.474088291746641 -27.303262955854127 -10.216890595009597 -27.23608445297505
18.722424780930204 18.668040321098108 18.610469391506832 18.556299405600832
12.81717791411043 14.061963190184048 1.685276073619632 2.3325153374233127
-24.656621947024423 -24.6390780873753 -24.625868593051255 -24.622635018919848
-0.04966177198482099 2.8401253918495297 -0.10245834020788648 2.809437386569873
34.34922481839052 34.32183401993773 34.500864807069405 34.48897764080631
34.399614431286146 20.887083448085928 34.38116221426604 20.90966675846874
14.884583158776707 15.00795978215333 23.80121491411814 23.938835358190197
13.403177458033573 6.319244604316546 13.889388489208633 6.598021582733813
-1.1792237442922375 -8.864155251141552 0.0730593607305936 -7.389269406392694
4.330737517178195 4.331653687585891 4.386623912047641 4.378149335776454
-5.0821503374447285 -4.992863237917927 -5.043130866496005 -4.968272438135133
53.15576496674058 29.425166297117517 53.106430155210646 29.624168514412418
29.633440875298078 29.64533595174639 29.529639500631223 29.551157245055407
0.8537221431958274 -0.7076813655761024 -1.4857752489331437 -3.3027501185395924
-17.499737493437337 -17.423385584639615 -17.51308782719568 -17.411160279006975
-3.167409105797576 -3.1362266622993777 -3.1406157877497543 -3.111300360301343
-30.47128712871287 -11.463366336633664 -30.93069306930693 -11.801980198019802
-84.30054644808743 -84.33524590163934 -84.29672131147541 -84.38224043715847
-6.818210990774167 -6.733413557962295 -6.796550340954673 -6.716325711993582
13.98236546062633 25.220127698388566 13.17968987534205 24.08695652173913
46.972599296128706 47.0440637793579 46.992350786468435 47.05009696186167
30.84910485933504 28.32992327365729 9.126598465473146 6.942455242966752
0.01754524341615179 0.020148109197668813 -0.006143464353008194 0.0035143069979404933
20.8874992872484 20.85923631041758 20.824263965179707 20.80860243666014
