123.62800674122875 162.04259230887084 131.27838210510188 129.3652520300291
155.0928982403091 154.88284826340768 154.22420309940784 154.14533198941666
70.96536912751678 117.30161073825504 84.3828187919463 129.5076510067114
138.1325435266396 143.8535803115591 138.44933891870664 143.47912030370466
135.97638811233927 135.77241839060684 135.04709474861295 134.71803363296203
33.10488647581441 32.505676209279365 88.27467917077986 86.23766041461008
171.19196596464838 171.59921493042498 172.41933057540427 172.93735896953743
114.30747417459996 174.65383836337858 90.43731010735264 142.76058335021267
127.51288475304223 45.460629921259844 71.11775232641375 35.91410164638511
179.45440479644134 179.7437626921961 178.2157915095252 178.54970505753795
48.948846843072914 47.80532476901953 49.28064418534292 48.00190835253322
217.04963898916967 236.25361010830323 185.15929602888087 235.78519855595667
125.92575083426028 177.5467185761958 177.8206340378198 145.27919911012236
168.86099865047234 173.03446486037578 159.53742344025744 148.209903456867
81.90012330456227 86.09062885326757 201.69543773119605 205.0184956843403
4.928251912889936 4.878516774573279 4.885344320188346 4.852678045909358
144.3375485302274 104.68929561841375 150.78890737659455 124.86356073211314
175.65231979915995 175.32696857046298 176.88123400762805 176.81489885579106
155.71970773290033 110.95940734727014 153.38887761315203 163.36817536025978
223.14627285513362 129.18659165494608 230.74261603375527 192.94702297233943
192.40693349203988 169.0819818479393 210.37791995238803 186.06680553489065
223.70248995983937 192.029718875502 224.31855421686748 188.01156626506025
52.185752330226364 58.23202396804261 123.81990679094541 54.39214380825566
103.87368222891567 114.26863704819277 163.8480798192771 162.1421310240964
145.98561315368806 144.8962472406181 122.83908045977012 127.13892060592221
213.50389491370092 206.31877195662136 191.86787841759585 179.61295249732703
117.01182564503519 85.98162627052385 126.23367865519937 97.93090304925724
131.2973086627418 134.05494813568825 107.17101205494814 150.07457246986263
211.49444769140854 201.5490940970193 237.3457042665108 236.14202220923437
62.76491937236493 62.91572130221237 61.95577432955188 62.65797366019038
163.60135259760222 164.35503637667793 163.48045906342864 164.42817911671278
182.1017862564518 180.93057382855986 183.01581317680396 181.8361754883109
65.80488492249883 93.11000469704086 72.39426961014561 100.91207139502113
96.2912642669008 87.09317383669885 62.78358208955224 58.71301580333626
113.2880763856544 133.86399627387053 64.86027014438751 135.36027014438753
108.93209104552277 103.51388194097049 91.58654327163582 88.01757128564282
91.87680094089974 150.20846809761835 137.64334019406056 101.92355189650102
149.4951856606755 150.00767825399961 150.49143294489434 151.39852854039108
178.6455819114995 204.13788320155362 180.51935081148565 211.26300457761133
87.38254122211445 66.02909796314258 137.86750727449078 90.78525703200776
35.05959174714662 33.958845478489906 55.60952589991221 57.32309043020193
203.4787234042553 197.65691489361703 73.26994680851064 72.09840425531915
156.75551310991492 131.91682583781906 148.77591595763153 131.82575099843723
140.1539824617202 139.15064291880594 139.77924939797356 138.7502612567586
145.2055063913471 73.00491642084562 117.31917404129794 67.27433628318585
145.56789398641283 145.71187340993598 143.31295255668317 143.3586904861752
63.09622035573123 60.878334980237156 72.50129693675889 65.72091156126483
49.29385920098089 45.33462756718095 72.87810360682538 59.90569122305099
119.23177570093458 155.86515353805075 111.2109479305741 193.37009345794394
31.431566588393157 15.49480040254948 41.021469305602146 18.390976182489098
244.67840152235965 225.24738344433874 246.1872026641294 234.06018078020932
79.61227351896673 79.64294600646927 82.19204234431903 82.07815150761157
168.07615230460922 200.93361723446893 201.999749498998 164.5325651302605
108.81344570005746 67.68147864393794 63.18655429994254 91.29457958245547
143.2746094718572 103.69724770642202 127.74063972229109 100.07463426729481
109.34688796680499 215.74771784232365 109.27219917012448 217.02365145228217
204.9172534250314 205.62294634572348 203.86641013045138 205.48398013208887
57.48253638253638 50.21455301455301 117.10311850311851 111.04116424116424
60.59331603845567 71.91522966580192 67.6116282618648 82.80665344117199
228.22557611165206 165.67802661473547 225.33755274261603 144.15060045439793
92.9547212741752 106.87235494880547 111.05551763367463 120.87948426241941
214.59234661606578 172.98228969006956 194.99493991144845 216.62397216951297
152.71465848745652 152.25656930965025 152.42613532320087 151.98432063724593
141.81829637096774 118.26839717741936 199.81451612903226 145.03377016129033
74.19019689987432 190.20821114369502 68.22915793883536 188.29409300377043
65.94019092148841 112.64835378920709 108.63237872589129 90.41165010714981
246.5947351612756 246.55285368858068 246.54402573110087 246.55953738765456
253.8213474640424 253.85238455715367 253.82513247539742 253.85087055261167
207.2697967764541 239.89208128941837 227.8773651016118 241.63957019387993
201.90522028878192 200.79555191199026 202.45858676680595 201.02824350769555
237.63726935393686 237.89338179230418 237.5823209474915 237.75118182280283
57.04455760661999 74.83386378103118 49.08220423751932 57.149040647449304
55.661583203291244 54.90230292712914 55.03128103277061 54.76497848394571
148.68532955350815 136.98552191961122 167.0899058418548 150.23772400526477
158.35209066041423 110.25009769441188 57.01875732708089 50.70769831965612
206.83772241992884 213.89608540925266 104.3693950177936 209.95516014234875
123.64148503878833 187.23919468045807 127.29940893978574 169.93018101219062
145.0126045016077 169.18868167202572 155.71819935691317 186.77273311897105
94.03081298885992 78.57501777672434 79.91396065418346 134.02559848305285
83.64923804519181 31.841828691539675 100.97714135575407 39.74619022595901
195.30757133228488 167.0716692878005 184.30128061109863 121.48124017074815
190.5785997357992 191.78510822070928 190.62592724316636 191.82219794736307
144.18993600930773 128.10509986426217 135.8150087260035 109.8458406050029
137.4711182622687 144.64907481898632 161.9654062751408 120.08978278358809
115.27402506963789 110.08635097493037 152.99129526462394 102.65842618384401
88.48876394034741 88.20895161140176 88.93249055128372 88.3834223901994
241.55966301600674 242.103049705139 241.11177759056446 241.87568660488625
120.92618806875632 140.87811379722402 108.15598860189355 125.38817906057542
32.24736593366879 31.582775013205083 31.457034833615968 30.891607127964193
178.99316365166175 160.80311316785864 186.9906394615061 162.3386621792175
66.91433523149294 67.63622858943482 65.72659749262868 66.8207252020077
198.39889587880344 195.66889202721788 171.36923866991913 172.49120554628323
155.81748960620357 155.7253468491615 157.29273134955855 157.5760732470687
170.00297557972502 157.7500513030987 144.03303919556743 135.02318900061564
204.1201432901626 179.0923119316616 131.48994213281895 131.45494626618904
104.0056192573468 118.91001594654112 91.43146784114208 111.88571645531172
103.90299018488929 117.55421136726774 44.43574526363844 52.799132618123714
178.99938385705482 122.1611213801602 103.3203943314849 139.03080714725817
40.74000326868599 41.350321420788845 39.30575833514927 40.048131401176725
39.70619182517199 118.31525698097936 32.62161068393363 52.270740590853904
124.6531847133758 59.05350318471338 171.6420382165605 90.36592356687898
74.66638441998306 162.4267569856054 148.02413209144794 189.9784081287045
254.9986568784383 254.99812330959872 254.99823370315173 254.99819690530072
96.14952783429854 96.07347698300899 96.64878871671797 96.54919044886176
227.87132448607858 228.79352068696332 227.14845173041894 228.94921502298553
149.0076923076923 122.02036199095022 220.40588235294118 215.63303167420815
195.12397172701614 194.05135937085373 195.0507321544882 193.95042578341736
211.71431326629013 211.68273866923818 211.19294668687147 211.5447306791569
167.655021180095 168.89615335244534 168.1284283941637 169.09582388430107
58.740721649484534 101.49639175257732 94.12886597938144 194.56546391752576
99.69180845151227 99.78125392186743 101.02988687093246 101.00270720906467
159.2816954739843 158.98835085531005 158.06768977191732 158.30884711332857
160.9621809788675 160.7955426906559 161.67342073897498 161.36424693039712
172.95807296915945 144.89810522072162 170.32332191090507 145.55150171336425
33.12908163265306 28.27670068027211 14.921598639455782 13.643537414965987
170.98219665844974 173.6839222130923 222.69268693508627 222.61216105176663
35.06099367173825 36.055661774606165 35.874377272115254 36.85132624208967
125.82914515203672 125.50728628800918 80.4425702811245 90.83843947217441
225.29887711197398 224.31825655018014 225.54440829747787 224.43481302690034
158.59892787524367 228.5453216374269 222.79044834307993 234.90058479532163
220.9609819121447 222.38789221114803 220.84784053156147 222.5483204134367
174.0672447054334 174.215704564245 173.25532636577557 173.00515147018294
44.272209737827716 66.39715355805244 30.782172284644194 45.7038202247191
133.65965904747344 132.02721504472134 106.46479626939836 107.05098998547511
104.53968562841885 104.44187152710212 103.52450757821452 103.29530172320598
115.63581295542939 117.66855916670391 115.15941705038223 117.23894675667218
114.6241189286172 111.02268358323721 76.7040881712162 68.20530565167243
61.30697552904293 56.256030654010274 43.56988591831403 38.65461987285553
249.68339314077298 249.58738749338195 249.6439202306018 249.6188011059474
74.48366766061264 73.27692689979217 76.280834914611 74.81248305773923
58.39172802078822 58.64118666089216 64.45192724122997 109.34105673451711
61.55521472392638 57.38228527607362 159.43941717791412 147.6564417177914
105.58116639110176 79.96993837366601 105.18262437997896 85.52141890876297
114.05311341734618 113.05415122312824 114.7338028169014 113.55502223869533
142.2955830239622 141.59582770840365 142.95827708403644 142.45920519743504
149.0106818181818 123.13818181818182 108.31454545454545 66.50795454545455
21.950657462195924 22.216239316239317 22.341650230111767 22.46545036160421
92.49886409664865 92.45506577672894 92.37201275029499 92.28071782047444
46.732092498589964 78.6590524534687 92.65623237450649 137.58121827411168
167.95364238410596 90.38765373699148 155.8561967833491 87.67455061494796
188.5692894092023 137.89844813503947 153.65940647971686 188.94827116798257
120.99133991745283 122.10213369693396 121.98813384433963 122.97998968160377
208.72122057001238 207.54972118959108 208.86998141263942 207.36400247831475
1.0092737722048066 1.0104493207941483 1.0052246603970743 1.0013061650992685
244.5507545052781 244.56868402372282 244.6777037393236 244.4817613519269
71.52156431286257 71.42204440888177 70.34124824964994 70.31696339267853
156.45662287903667 169.61535303776682 121.73535851122058 135.4726327312534
129.08333977580207 128.46888287591804 150.7729416312331 149.2942404329339
8.989157346538034 9.020447366174336 9.08311278067105 9.193631008281397
37.03619678817232 83.85725210298241 69.66530716288554 76.75656385419322
115.5193588162762 80.30061652281134 166.9795314426634 136.95314426633786
178.09146056929538 70.07792813812412 204.8908072795147 125.70928604759683
86.5289970861923 61.97574960052636 102.23987216843689 75.3765391484162
86.21253430924062 61.17374199451052 78.09533394327539 56.03110704483074
13.802502742453175 13.73408361435014 13.521269247958395 13.290171860398976
182.62980599647267 121.20123456790124 166.49559082892415 118.09541446208112
193.89224283305228 201.964586846543 217.42731871838112 220.7956155143339
149.68062650727381 149.10069237351865 147.9035344760522 147.38251692036408
80.28777244181751 148.07923900997415 97.22201699298115 153.39083856667898
192.11488888888888 128.242 202.80533333333332 153.37822222222223
143.39439882080438 161.8957675300063 196.481364497789 189.53548115392715
115.9820988089365 115.9923884699415 139.04249770949326 137.40115582493482
63.69780956638355 29.85605721949039 34.56280733124721 20.848010728654447
219.7094053142134 116.0822437789962 212.22142555883593 96.16828342471531
234.06815158633572 234.4433532391815 233.6578552627855 234.45235332408797
130.45648201577225 128.95996826312754 129.69450855933835 128.43376130025004
119.88481555619101 118.52038890477552 119.52744256982176 118.06104279858927
17.013887299225516 17.52756476288581 18.122086147037503 18.857922246385105
206.57638136511375 170.24129391735025 190.8627147500387 164.4708249496982
69.62890118949475 47.89376987398422 81.74584854551878 73.50441644093746
103.54817681808922 106.19881849663882 123.40089631289469 68.54369525361581
166.83498827294449 165.95333289493874 166.78943907411062 165.92207536003156
231.3738694562493 230.2237114525444 232.11724964585378 230.59115179252478
46.62467997951869 25.419610855094724 76.97567844342038 30.17306707629288
143.36959208899876 203.20354346930367 145.2235269880511 202.64091470951792
85.46684036001895 81.72193273330176 32.02202747513027 30.288252013263858
126.71188661585774 123.3787672148683 124.9249364888354 122.49538708383474
42.32579263067695 53.61131105398458 22.112767780634105 23.060154241645243
71.16219119226638 93.03046577482668 54.32291768381994 77.00693291670736
77.88343444348149 79.39432957781355 99.6186702983781 102.0563327968305
145.49083522077194 145.93800639783313 146.9680108342868 147.3292082097742
147.5125340599455 168.86339691189826 145.78365122615804 159.8776566757493
58.7229408985579 58.58359018200635 58.60959751625458 58.72915026209814
122.86041682688611 112.51549642390218 110.0819041759594 94.59232484811197
66.68051744413955 99.70286162289298 81.30968247745982 54.34025872206978
159.50611745513865 207.81199021207178 87.31606851549755 151.71451876019574
136.91122420130054 152.68636320799172 129.04627273584018 158.59108472340026
190.10241483398016 224.16796032772746 201.22509702457955 206.83182406209573
38.66213836477987 106.49006289308176 41.03245283018868 115.2719496855346
84.51223759496335 85.06645999579004 84.20089174656027 84.78502401592131
44.44539168324334 44.81588045846358 44.4386189258312 44.95891351709766
91.55032590051458 79.74078902229846 83.22277873070325 70.84445969125214
26.365616748396832 27.0705079844084 26.680120709166353 27.369357475166606
110.72489843296576 99.91221706326175 128.9568340104469 123.02161926871736
124.60851981666217 127.21191695874899 176.23833917497979 196.22566729576704
102.16849784653247 126.56877911575987 110.8902171046849 135.8392370572207
214.85905645966747 215.44859291463487 214.65425063157275 215.39263263028025
188.6307663788994 187.21082040146177 188.82749854350934 187.47139981992478
105.68250652741514 198.3154046997389 195.60731070496084 222.79060052219322
32.831247765463 53.47241091645811 38.515194851626745 60.84268859492313
91.91083032490975 101.12252707581227 73.56649819494585 81.43068592057762
125.5021099828564 127.11552156138731 126.4961536770847 127.75337377467142
79.23446719888928 129.70704616452622 56.13484901076015 96.61610551891704
66.83336606441476 52.76089945011783 70.13796150824824 44.980655930871954
133.51847623774663 131.6389874674277 134.92619431691276 133.53234892666583
191.8818105616094 218.75831237775915 153.13467449008104 192.68734283319364
85.97833693143751 103.732449936723 83.55438100200998 103.7824759919601
230.3047454275828 229.01408798813642 187.66312407315868 195.0370736529906
150.44851623182632 157.9520015933081 83.71360286795459 94.37502489543915
87.04593309560197 82.72542027508915 119.47401935812532 117.35184241806758
185.7028735632184 54.45919540229885 174.84942528735633 47.46264367816092
47.32745223512204 55.02614498583051 57.65033366852546 74.28238413017644
82.41325051759834 100.46183574879227 134.75638371290546 143.9160800552105
238.80501710376282 192.49258836944128 240.20438996579247 217.44783352337515
252.76144910765944 252.75499577195248 252.75682050825583 252.75722106012728
165.0959930313589 150.3890243902439 120.14459930313589 103.22717770034843
46.62385321100918 79.01073221395188 37.80145404189025 81.15215509780163
24.316831683168317 45.764176417641764 33.954095409540955 105.27452745274528
166.65714285714284 192.9513078470825 137.42655935613683 100.94124748490945
104.53573319216517 184.17098994176814 53.46320804658549 74.44520910534675
113.18115942028986 76.402247855664 94.99926057379473 56.61682934043183
165.84668008048288 189.8719315895372 164.2618712273642 186.14476861167003
51.46593915343915 152.426917989418 48.73710317460318 142.27876984126985
117.50107263254674 41.825314128102974 137.0686484829911 47.80968433956482
110.54587775162675 111.20566246711893 109.85956320088606 110.35217361207255
96.57366030881018 146.49118982742962 92.41816530426884 101.49573115349682
44.83886134381946 32.2988545050436 49.43614293041546 35.25859121217302
79.19508395360914 38.015405920027696 54.603946685130694 42.13986498182447
78.30410801020828 71.98938009385033 54.61373178562608 53.94467769819708
162.73331183489196 233.23669783940665 162.19445340212835 233.21638181231862
135.33622402890697 86.97651309846432 98.70749774164409 118.99747064137308
136.49730412396173 137.43342886287462 137.1875941127896 138.33747024821488
239.6580387205387 237.0646043771044 225.89330808080808 207.57175925925927
61.3438504483167 65.01920148874979 90.83589917103706 88.21967518186432
18.33804400192709 19.382688292917937 40.991488678336275 46.098281676569776
122.56370302474794 93.52001222120379 120.94378246257256 169.44882370913535
158.1040069855438 148.76384981080818 178.44270883865335 175.36383040651984
177.555221487272 200.40749649228303 151.973140910002 152.22629785528162
235.37975308641975 228.42666666666668 229.24493827160495 151.84938271604938
155.30351715154146 132.94572297003907 176.92965696917065 79.56100738167608
18.024062396282776 44.04414205111185 18.484069034185197 44.11367407899104
170.34635014836795 172.65626112759645 189.32106824925816 200.50955489614245
106.85007249669978 105.94944707740916 108.36566469735332 107.49094332272934
78.0224882664458 79.90896769821549 75.45546269106242 77.6629771854529
170.98530013084724 170.64836849852796 170.5227551521099 170.0558349689238
227.25877926421404 224.00167224080266 151.56354515050168 134.24832775919734
186.77983256278895 172.93439960014993 157.53792327877045 164.7445957765838
166.75820039433592 174.27567664455995 125.94425524287507 171.78652088187846
50.99661140906875 52.34758654314968 51.485763042418334 52.792491467576795
130.34711228378774 132.82456268933842 130.5002687383954 132.6381803967556
197.3228273083564 198.40181434483515 197.62751116836134 198.88691862855262
132.24108385991218 146.28531648281032 159.75249009317767 168.91849630502304
184.61590393733252 185.92303133374563 183.9712172747887 185.52561327561327
219.15354080660526 217.91845030168307 219.1604318831375 217.43051762464273
208.8413304252999 134.10850599781898 132.16412213740458 71.2660850599782
106.94218467109233 143.65950512975257 132.07410983705492 154.9888955944478
